0
0
5,000000000000001
7,435254037844386
10,000000000000002
12,42050807568877
15,000000000000004
14,955762113533156
20,000000000000004
15,04101615137754
25,000000000000007
12,676270189221931
30,000000000000007
7,861524227066312
35,00000000000001
0,5967782649106965
40,00000000000001
0
45,00000000000001
0
50,000000000000014
0
55,000000000000014
0
60,000000000000014
0
65,00000000000001
0
70,00000000000001
0
75,00000000000001
0
80,00000000000001
0
85,00000000000001
0
90,00000000000001
0
95,00000000000001
0
0
0
5,000000000000001
7,435254037844386
10,000000000000002
12,42050807568877
15,000000000000004
14,955762113533156
20,000000000000004
15,04101615137754
25,000000000000007
12,676270189221931
30,000000000000007
7,861524227066312
35,00000000000001
0,5967782649106965
40,00000000000001
0
45,00000000000001
0
50,000000000000014
0
55,000000000000014
0
60,000000000000014
0
65,00000000000001
0
70,00000000000001
0
75,00000000000001
0
80,00000000000001
0
85,00000000000001
0
90,00000000000001
0
95,00000000000001
0
0
0
5,000000000000001
7,435254037844386
10,000000000000002
12,42050807568877
15,000000000000004
14,955762113533156
20,000000000000004
15,04101615137754
25,000000000000007
12,676270189221931
30,000000000000007
7,861524227066312
35,00000000000001
0,5967782649106965
40,00000000000001
0
45,00000000000001
0
50,000000000000014
0
55,000000000000014
0
60,000000000000014
0
65,00000000000001
0
70,00000000000001
0
75,00000000000001
0
80,00000000000001
0
85,00000000000001
0
90,00000000000001
0
95,00000000000001
0
0
0
-5,000000000000001
8,660254037844386
7,551651237807457
0,7127202495176981
-0,9130468739868967
0
-1,0451654830297907
0,9686159152583036
-2,393812627365022
0
-7,47526564058791
0,2342368718488237
-25,988876000665922
0,19614682892277144
-85,33004508874937
0,3814364164845695
-221,4910399154402
1,0786280400880226
-349,8553350743334
3,5415675888625087
-166,51126490682637
11,367133636653774
75,80916668740291
29,898628331200896
-75,58443959141307
50,49081764182617
77,58715699937952
30,98054557502019
-42,21333015049363
0
-13,811272451531899
9,738177077264545
-18,9447507731081
0
-44,21083943723854
6,400924100188876
-131,7064239145583
1,1875483566406384
0
0
-5,000000000000001
6,210254037844385
7,551651237807457
0
-0,9130468739868967
0
-1,0451654830297907
0
-2,393812627365022
0
-7,47526564058791
0
-25,988876000665922
0
-85,33004508874937
0
-221,4910399154402
0
-349,8553350743334
0
-166,51126490682637
0
75,80916668740291
0
-75,58443959141307
0
77,58715699937952
0
-42,21333015049363
2338,158993659036
-13,811272451531899
0
-18,9447507731081
2271,0317500503206
-44,21083943723854
0
-131,7064239145583
0
0
0
-5,000000000000001
6,210254037844385
7,551651237807457
0
-0,9130468739868967
0
-1,0451654830297907
0
-2,393812627365022
0
-7,47526564058791
0
-25,988876000665922
0
-85,33004508874937
0
-221,4910399154402
0
-349,8553350743334
0
-166,51126490682637
0
75,80916668740291
0
-75,58443959141307
0
77,58715699937952
0
-42,21333015049363
2338,158993659036
-13,811272451531899
0
-18,9447507731081
2271,0317500503206
-44,21083943723854
0
-131,7064239145583
0
0
0
-5,000000000000001
6,210254037844385
7,551651237807457
0
-0,9130468739868967
0
-1,0451654830297907
0
-2,393812627365022
0
-7,47526564058791
0
-25,988876000665922
0
-85,33004508874937
0
-221,4910399154402
0
-349,8553350743334
0
-166,51126490682637
0
75,80916668740291
0
-75,58443959141307
0
77,58715699937952
0
-42,21333015049363
2338,158993659036
-13,811272451531899
0
-18,9447507731081
2271,0317500503206
-44,21083943723854
0
-131,7064239145583
0
0
0
-5,000000000000001
6,210254037844385
7,551651237807457
0
-0,9130468739868967
0
-1,0451654830297907
0
-2,393812627365022
0
-7,47526564058791
0
-25,988876000665922
0
-85,33004508874937
0
-221,4910399154402
0
-349,8553350743334
0
-166,51126490682637
0
75,80916668740291
0
-75,58443959141307
0
77,58715699937952
0
-42,21333015049363
2338,158993659036
-13,811272451531899
0
-18,9447507731081
2271,0317500503206
-44,21083943723854
0
-131,7064239145583
0
0
0
-5,000000000000001
6,210254037844385
7,551651237807457
0
-0,9130468739868967
0
-1,0451654830297907
0
-2,393812627365022
0
-7,47526564058791
0
-25,988876000665922
0
-85,33004508874937
0
-221,4910399154402
0
-349,8553350743334
0
-166,51126490682637
0
75,80916668740291
0
-75,58443959141307
0
77,58715699937952
0
-42,21333015049363
2338,158993659036
-13,811272451531899
0
-18,9447507731081
2271,0317500503206
-44,21083943723854
0
-131,7064239145583
0
0
0
-5,000000000000001
6,210254037844385
7,551651237807457
0
-0,9130468739868967
0
-1,0451654830297907
0
-2,393812627365022
0
-7,47526564058791
0
-25,988876000665922
0
-85,33004508874937
0
-221,4910399154402
0
-349,8553350743334
0
-166,51126490682637
0
75,80916668740291
0
-75,58443959141307
0
77,58715699937952
0
-42,21333015049363
2338,158993659036
-13,811272451531899
0
-18,9447507731081
2271,0317500503206
-44,21083943723854
0
-131,7064239145583
0
0
0
-5,000000000000001
6,210254037844385
7,551651237807457
0
-0,9130468739868967
0
-1,0451654830297907
0
-2,393812627365022
0
-7,47526564058791
0
-25,988876000665922
0
-85,33004508874937
0
-221,4910399154402
0
-349,8553350743334
0
-166,51126490682637
0
75,80916668740291
0
-75,58443959141307
0
77,58715699937952
0
-42,21333015049363
2338,158993659036
-13,811272451531899
0
-18,9447507731081
2271,0317500503206
-44,21083943723854
0
-131,7064239145583
0
0
0
-5,000000000000001
6,210254037844385
7,551651237807457
0
-0,9130468739868967
0
-1,0451654830297907
0
-2,393812627365022
0
-7,47526564058791
0
-25,988876000665922
0
-85,33004508874937
0
-221,4910399154402
0
-349,8553350743334
0
-166,51126490682637
0
75,80916668740291
0
-75,58443959141307
0
77,58715699937952
0
-42,21333015049363
2338,158993659036
-13,811272451531899
0
-18,9447507731081
2271,0317500503206
-44,21083943723854
0
-131,7064239145583
0
0
0
2,5000000000000004
6,210254037844385
2,8060435952740685
4,543153688726299
3,0719815242412745
0
3,951106447921891
0
5,966533340629683
0
10,027870064431653
0
17,490232812228673
0
29,34817777356674
0
43,8072776621981
0
53,804969688936325
0
50,79112724791948
0
35,775336988940296
0
20,15013997002302
0
11,104101393879798
0
7,412569132744815
0
6,5363626710328155
0
7,450125863708328
0
10,262814444989536
0
15,768094565428012
0
0
0
2,5651510749425164
11,645389311788623
2,8791702979011355
12,807681580517357
3,1520386836444216
3,7785530462781143
4,054073980839658
0
6,122023764958637
0
10,289200670064293
0
17,9460357997133
0
30,113003905387515
0
44,9489141541971
0
55,20715033392981
0
52,11476586301711
0
36,70765765344438
0
20,675261281738685
0
11,393479050712584
0
7,605743871578429
0
6,706703092725585
0
7,644279347099383
0
10,530267802200195
0
16,179017889721163
0
0
0
2,5651510749425164
11,645389311788623
2,8791702979011355
12,807681580517357
3,1520386836444216
3,7785530462781143
4,054073980839658
0
6,122023764958637
0
10,289200670064293
0
17,9460357997133
0
30,113003905387515
0
44,9489141541971
0
55,20715033392981
0
52,11476586301711
0
36,70765765344438
0
20,675261281738685
0
11,393479050712584
0
7,605743871578429
0
6,706703092725585
0
7,644279347099383
0
10,530267802200195
0
16,179017889721163
0
0
0
2,5651510749425164
11,645389311788623
2,8791702979011355
12,807681580517357
3,1520386836444216
3,7785530462781143
4,054073980839658
0
6,122023764958637
0
10,289200670064293
0
17,9460357997133
0
30,113003905387515
0
44,9489141541971
0
55,20715033392981
0
52,11476586301711
0
36,70765765344438
0
20,675261281738685
0
11,393479050712584
0
7,605743871578429
0
6,706703092725585
0
7,644279347099383
0
10,530267802200195
0
16,179017889721163
0
0
0
0,9234543869793059
2,721077862357725
1,663140581660877
5,191824824723206
2,2502125977407257
7,339018782554867
2,7136554365993892
9,10418126376488
3,0796390240222906
10,4470596827295
3,371250328298863
11,347441153448658
3,608510537364557
11,805169167738184
3,8085902035895467
11,838467759850497
3,9861485648888335
11,48088157245659
4,153739551771737
10,777281360290484
4,322243250591135
9,779444844742038
4,5012959707184
8,541702024487792
4,6997036890916215
7,117047177215073
4,925832332529398
5,553991983997134
5,187974322570892
3,8942935648910675
5,494694446912679
2,171562383100523
5,855159860480371
0,4106549107718787
6,279459216993186
0
6,7789148371882115
0
7,3663895593053965
0
8,056586507017945
0
8,866335383150586
0
9,814852947910746
0
10,923957980941355
0
12,218212268062118
0
13,724949204987945
0
15,474140999743192
0
17,498045164127504
0
19,830562573840748
0
22,5062350747229
0
25,558813308452812
0
29,019338514609117
0
32,913709040669005
0
37,25974610926844
0
42,063835500142105
0
47,317300976430424
0
52,992756425461
0
59,040776921782935
0
65,38730942242832
0
71,93229276089784
0
78,54995372038887
0
85,09117348112395
0
91,38816653969138
0
97,26148498347179
0
102,52907398156205
0
107,01679587733604
0
110,56956011784422
0
113,06199934447476
0
114,40756664247345
0
114,56502449901794
0
113,54155293584029
0
111,3920905347658
0
108,21497741480641
0
104,14441710466181
0
99,34063857270372
0
93,97886174083476
0
88,2382208564869
0
82,29168592151034
0
76,29777922366631
0
70,3945675620043
0
64,69608185638282
0
59,29102720881975
0
54,24343363294864
0
49,5947754407103
0
45,3670517818162
0
41,566354899277435
0
38,18653263209682
0
35,2126535801486
0
32,624087172608725
0
30,397102821086772
0
28,506964935238134
0
26,929551705014728
0
25,64255678827292
0
24,62634801349387
0
23,864560239091603
0
23,34449470070111
0
23,057387890313134
0
22,99860169527703
0
23,167774744038372
0
23,56896347594402
0
24,210790623879905
0
25,10660842680298
0
26,27467358826852
0
27,738320266189522
0
29,526105715633896
0
31,67189021692816
0
34,214798444947114
0
37,19899369090379
0
40,67318010584652
0
44,68973290724524
0
49,30334470877843
0
54,56907127160013
0
60,539666533379865
0
67,26212003472183
0
74,77335532463226
0
83,09512028982813
0
92,2282020793463
0
102,1462287975793
0
112,7894698588806
0
124,05920174713418
0
0
0
0,10157998256772365
0,2809277862357725
0,20112846706322887
0,5598393878507192
0,2986763769541835
0,8366511411562872
0,39425460950338365
1,1112802446153969
0,4878940212808875
1,3836448138057844
0,5796254141674717
1,653663935546625
0,6694795218459255
1,9212577211300266
0,7574869967762977
2,186347358600201
0,8436783976508375
2,4488551640244065
0,9280841773240025
2,7087046317011345
1,0107346712125764
2,9658204832524797
1,0916600861606145
3,2201287155491825
1,170890489763629
3,471556647418442
1,2484558001461565
3,7200329650863124
1,3243857761865696
3,965487766308256
1,3987100081827606
4,20785260314327
1,471457908952092
4,447060523328908
1,5426587053587966
4,683046110216469
1,6123414302618146
4,915745521227681
1,6805349148758875
5,145096524796246
1,747267781538548
5,371038535759757
1,8125684368755188
5,593512649169675
1,8764650653568915
5,812461672489248
1,9389856232363436
6,027830156151522
2,0001578328655496
6,239564422451857
2,0600091773758606
6,447612592751693
2,118566895719243
6,651924612972625
2,175857978060417
6,8524522773622065
2,231909161512075
7,04914925051529
2,2867469262050473
7,24197108763705
2,340397491685221
7,430875253036261
2,392886813629047
7,615821136839779
2,444240580869439
7,796770069921539
2,494484212723883
7,973685337041798
2,5436428566166063
8,146532188194687
2,5917413859866656
8,315277848164508
2,638804398473861
8,479891524293532
2,6848562143744243
8,640344412466387
2,729920875358489
8,796609701318367
2,774022143441397
8,948662574677288
2,817183500200984
9,09648021225069
2,859428146233046
9,24004178857241
2,900779000837272
9,379328470224635
2,9412587019260372
9,514323411353649
2,980889606148504
9,64501174749956
3,0196937892226217
9,771380587762224
3,057693046467684
9,893419005327555
3,0949088935302376
10,011118026380261
3,1313625672962293
10,124470617430882
3,167075026982405
10,233471671086704
3,202066955400095
10,33811799029788
3,2363587603846367
10,438408271111639
3,2699705763838187
10,534343083969015
3,3029222661988573
10,625924853580052
3,3352334228715446
10,71315783741478
3,3669233717113425
10,796048102848582
3,398011172456338
10,874603503001875
3,4285156215621
10,948833651315121
3,4584552546126264
11,018749894901328
3,487848348847701
11,084365286719173
3,5167129258011323
11,145694556610836
3,5450667540444623
11,20275408124946
3,572927352030908
11,25556185304192
3,6003119910344017
11,304137448033293
3,6272376981787735
11,34850199285999
3,6537212595522273
11,38867813079905
3,6797792234024276
11,424689986961534
3,7054279034076356
11,456563132678344
3,730683382019485
11,484324549127026
3,7555615138731167
11,508002590248335
3,780077929260532
11,52762694500153
3,8042480376631658
11,543228599007287
3,828087031339802
11,554839795627233
3,8516098889660997
11,562493996528882
3,8748313793221274
11,566225841784687
3,897766065024424
11,566071109553583
3,9204283062992498
11,562066675393174
3,9428322647938
11,554250471250253
3,9649919074222937
11,542661444176968
3,9869210102439614
11,527339514819413
4,008633162370085
11,508325535724829
4,030141769897361
11,485661249513019
4,051460059864968
11,459389246956873
4,072601084232837
11,429552925016168
4,0935777238787585
11,396196444867995
4,114402692612015
11,359364689976365
4,135088541201406
11,319103224242635
4,155647661415582
11,27545825027748
4,176092290073739
11,228476567834122
4,196434513104807
11,178205532441607
4,21668626961339
11,124693014275776
4,236859355950782
11,067987357304526
4,256965429789491
11,008137338742916
4,277016014199815
10,945192128852407
4,297022501727056
10,879201251117456
4,316996158468094
10,810214542831455
4,336948128146105
10,738282116122804
4,356889436182274
10,66345431945067
4,376830993763483
10,585781699598753
4,39678360190496
10,50531496419411
4,416757955507034
10,42210494477681
4,436764647405134
10,336202560444981
4,456814172412303
10,247658782098402
4,476916931353524
10,156524597302655
4,497083235091255
10,062850975794454
4,5173233085416
9,966688835647533
4,537647294680636
9,86808901011717
4,558065258540465
9,767102215180186
4,578587191194595
9,663779017785926
4,599223013732351
9,558169804832518
4,619982581222042
9,450324752881452
4,640875686662666
9,340293798622238
4,661912064923982
9,228126610097757
4,683101396674841
9,113872558699631
4,704453312299702
8,997580691941813
4,7259773958032785
8,879299707019403
4,747683188703368
8,75907792515853
4,769580193911869
8,63696326676207
4,791677879604115
8,513003227354794
4,813985683076614
8,387244854330534
4,836513014593376
8,259734724502835
4,859269261221011
8,130518922459602
4,8822637906528055
7,999643019721199
4,9055059550220435
7,867152054700497
4,9290050947048485
7,733090513462475
4,952770542112823
7,597502311279981
4,976811625475846
7,460430774981471
5,001137672615345
7,321918626085613
5,025758014708427
7,182007964716884
5,050681990043252
7,040740254295469
5,075918947766043
6,898156306994021
5,10147825162017
6,7542962699531275
5,127369283677721
6,609199612246634
5,153601448064019
6,462905112587299
5,180184174675541
6,3154508477626585
5,207126922891706
6,166874181790376
5,234439185280997
6,017211755781763
5,262130491301919
5,866499478501676
5,2902104109992685
5,71477251761246
5,3186885586961985
5,562065291589161
5,347574596682601
5,408411462292781
5,376878238900266
5,253843928187977
5,406609254625351
5,098394818191189
5,43677747214862
4,942095486134887
5,467392782453976
4,784976505833263
5,498465142895747
4,627067666734461
5,530004580875229
4,468397970144159
5,5620211975169385
4,308995626005072
5,594525171345074
4,148888050216788
5,627526761960605
3,9881018624801388
5,6610363137194675
3,826662884650178
5,695064259412278
3,664596139581723
5,7296211239460035
3,5019258504512987
5,764717528027981
3,338675440539266
5,800364191852685
3,1748675334558714
5,836571938791599
3,010523953794905
5,8733516990865695
2,845665728198671
5,910714513546952
2,680313086817979
5,948671537250871
2,5144854651508957
5,987234043250875
2,3482015062440604
6,026413426284255
2,1814790632404306
6,066221206488265
2,014335202257422
6,106669033120442
1,846786205579505
6,147768688284219
1,6788475751494503
6,189532090659977
1,5105340363425463
6,231971299241649
1,341859542008271
6,275098517078969
1,1728372767640585
6,318926095025407
1,003479661525981
6,363466535491819
0,8337983582613625
6,40873249620576
0,6638042749485316
6,454736793976433
0,49350757072913815
6,501492408465135
0,32291766123868304
6,549012485961073
0,15204322410113036
6,597310343162347
0
6,646399470961867
0
6,696293538237917
0
6,747006395649031
0
6,798552079432784
0
6,850944815208077
0
6,904199021780405
0
6,958329314949558
0
7,0133505113191505
0
7,069277632107315
0
7,126125906957805
0
7,18391077775073
0
7,242647902412055
0
7,302353158720929
0
7,363042648113841
0
7,424732699484532
0
7,487439872978521
0
7,551180963781001
0
7,615973005896833
0
7,681833275921215
0
7,748779296799605
0
7,816828841575308
0
7,885999937123109
0
7,9563108678672245
0
8,027780179481745
0
8,100426682571662
0
8,174269456332476
0
8,249327852186271
0
8,32562149739204
0
8,403170298627982
0
8,48199444554332
0
8,562114414277143
0
8,643550970941638
0
8,726325175066941
0
8,810458383004807
0
8,89597225128805
0
8,982888739942737
0
9,071230115749861
0
9,161018955453201
0
9,252278148909873
0
9,345030902180024
0
9,439300740551905
0
9,535111511498508
0
9,632487387561772
0
9,731452869160245
0
9,832032787315939
0
9,93425230629598
0
10,038136926164537
0
10,14371248524034
0
10,25100516245494
0
10,360041479606789
0
10,470848303505997
0
10,583452848004484
0
10,697882675906147
0
10,81416570075146
0
10,932330188470775
0
11,05240475890047
0
11,174418387155917
0
11,298400404855064
0
11,424380501186327
0
11,552388723814301
0
11,682455479616594
0
11,814611535245044
0
11,948888017504316
0
12,0853164135408
0
12,223928570834495
0
12,364756696986518
0
12,50783335929461
0
12,653191484108952
0
12,800864355960385
0
12,950885616453052
0
13,103289262913238
0
13,25810964678615
0
13,41538147177217
0
13,57513979169395
0
13,737420008085694
0
13,90225786749571
0
14,069689458493293
0
14,2397512083708
0
14,412479879531718
0
14,587912565555378
0
14,766086686928874
0
14,947039986436641
0
15,13081052419804
0
15,317436672343245
0
15,506957109317586
0
15,699410813804496
0
15,894837058257071
0
16,093275402028265
0
16,294765684089636
0
16,49934801532855
0
16,707062770413714
0
16,91795057921888
0
17,132052317794535
0
17,34940909887751
0
17,570062261928197
0
17,79405336268546
0
18,021424162228975
0
18,252216615539076
0
18,486472859544136
0
18,724235200645573
0
18,965546101710707
0
19,210448168523815
0
19,458984135685824
0
19,711196851953233
0
19,967129265007056
0
20,226824405642695
0
20,49032537137191
0
20,757675309428212
0
21,028917399167316
0
21,304094833854453
0
21,583250801830715
0
21,86642846705081
0
22,153670948985013
0
22,445021301878366
0
22,740522493360597
0
23,040217382400577
0
23,344148696599564
0
23,65235900881793
0
23,964890713130465
0
24,281786000105953
0
24,60308683140705
0
24,928834913707224
0
25,2590716719219
0
25,593838221751675
0
25,933175341535918
0
26,27712344341602
0
26,625722543807697
0
26,979012233183088
0
27,337031645163496
0
27,69981942492483
0
28,06741369691828
0
28,439852031909744
0
28,81717141334219
0
29,199408203026124
0
29,586598106164175
0
29,978776135716632
0
30,37597657611583
0
30,77823294633812
0
31,185577962343245
0
31,598043498891833
0
32,015660550752905
0
32,43845919331416
0
32,866468542609056
0
33,29971671477571
0
33,73823078496375
0
34,18203674570641
0
34,63115946477654
0
35,0856226425458
0
35,545448768868305
0
36,0106590795105
0
36,48127351215069
0
36,95731066197278
0
37,43878773687995
0
37,92572051235549
0
38,41812328599894
0
38,91600883176743
0
39,419388353952954
0
39,92827144092791
0
40,4426660186925
0
40,96257830425873
0
41,488012758907225
0
42,018972041354345
0
42,55545696086826
0
43,09746643037406
0
43,64499741958928
0
44,19804490823229
0
44,75660183934748
0
45,32065907279228
0
45,89020533893226
0
46,46522719259182
0
47,04570896730909
0
47,63163272994488
0
48,22297823569647
0
48,8197228835683
0
49,421841672352514
0
50,02930715717347
0
50,64208940665108
0
51,26015596073897
0
51,883471789294155
0
52,511999251435945
0
53,145698055752256
0
53,7845252214126
0
54,42843504024734
0
55,07737903985355
0
55,731305947788385
0
56,3901616569112
0
57,05388919193608
0
57,722428677256886
0
58,39571730610695
0
59,07368931111587
0
59,75627593632584
0
60,44340541073009
0
61,13500292339565
0
61,83099060023273
0
62,53128748247267
0
63,23580950691588
0
63,94446948801096
0
64,65717710182557
0
65,37383887196873
0
66,09435815752389
0
66,81863514305073
0
67,54656683071339
0
68,27804703459076
0
69,01296637722426
0
69,75121228845688
0
70,49266900661536
0
71,23721758208683
0
71,98473588333883
0
72,73509860543024
0
73,48817728105887
0
74,24384029418927
0
75,00195289630247
0
75,76237722530723
0
76,52497232714984
0
77,28959418015741
0
78,05609572214713
0
78,82432688033107
0
79,59413460404373
0
80,3653629003167
0
81,1378528723219
0
81,9114427607016
0
82,68596798780109
0
83,46126120481574
0
84,23715234186193
0
85,01346866097718
0
85,79003481205211
0
86,56667289169265
0
87,34320250500825
0
88,1194408303176
0
88,89520268675963
0
89,67030060479458
0
90,44454489957529
0
91,21774374716576
0
91,98970326357954
0
92,76022758660727
0
93,52911896039824
0
94,29617782275731
0
95,0612028951143
0
95,82399127511916
0
96,58433853181228
0
97,3420388033152
0
98,0968848969835
0
98,84866839195881
0
99,59717974405424
0
100,34220839290258
0
101,08354287129336
0
101,82097091662118
0
102,55427958436347
0
103,2832553635029
0
104,00768429380537
0
104,72735208486174
0
105,44204423679744
0
106,15154616255107
0
106,85564331161977
0
107,55412129516627
0
108,24676601237907
0
108,93336377797486
0
109,61370145072898
0
110,28756656291755
0
110,9547474505522
0
111,61503338428602
0
112,26821470086706
0
112,91408293501408
0
113,55243095158662
0
114,18305307792069
0
114,80574523619909
0
115,42030507572441
0
116,02653210496153
0
116,62422782321524
0
117,21319585180817
0
117,79324206462337
0
118,36417471787549
0
118,9258045789742
0
119,47794505434392
0
120,02041231606364
0
120,55302542719097
0
121,07560646563577
0
121,58798064644881
0
122,08997644239234
0
122,58142570266044
0
123,06216376961873
0
123,5320295934343
0
123,99086584446866
0
124,43851902330876
0
124,874839568313
0
125,29968196055198
0
125,71290482602568
0
126,11437103504251
0
126,50394779864783
0
126,88150676199301
0
127,24692409453975
0
127,60008057699714
0
127,94086168489353
0
128,26915766868848
0
128,58486363033404
0
128,88787959619947
0
129,1781105862766
0
129,455466679589
0
129,71986307573067
0
129,97122015246688
0
130,20946351933267
0
130,4345240671704
0
130,64633801355248
0
130,8448469440403
0
131,02999784923594
0
131,20174315758754
0
131,3600407639159
0
131,50485405363338
0
131,63615192263353
0
131,7539087928331
0
131,85810462335544
0
131,94872491734853
0
132,02576072443625
0
132,08920863880795
0
132,13907079295552
0
132,1753548470733
0
132,198073974141
0
132,20724684071592
0
132,20289758346462
0
132,18505578147068
0
132,15375642435987
0
132,10903987628808
0
132,05095183584442
0
131,97954329192416
0
131,89487047563313
0
131,79699480828842
0
131,68598284558533
0
131,56190621800457
0
131,42484156753838
0
131,2748704808176
0
131,11207941872667
0
130,93655964259617
0
130,7484071370675
0
130,5477225297261
0
130,33461100760468
0
130,1091822306599
0
129,87155024232888
0
129,6218333772757
0
129,36015416643943
0
129,08663923949865
0
128,8014192248686
0
128,5046286473503
0
128,19640582355197
0
127,87689275520468
0
127,54623502049654
0
127,20458166354979
0
126,85208508216706
0
126,4889009139736
0
126,1151879210828
0
125,73110787341342
0
125,33682543078625
0
124,93250802392905
0
124,51832573451775
0
124,09445117438194
0
123,6610593640024
0
123,2183276104271
0
122,76643538473238
0
122,30556419915371
0
121,83589748401052
0
121,35762046454728
0
120,87092003781235
0
120,37598464969368
0
119,87300417222934
0
119,3621697813088
0
118,84367383487799
0
118,3177097517607
0
117,7844718912045
0
117,24415543325857
0
116,69695626008742
0
116,14307083832192
0
115,58269610254659
0
115,01602934001875
0
114,44326807671274
0
113,86460996477892
0
113,28025267150403
0
112,69039376985695
0
112,09523063069963
0
111,49496031674073
0
110,88977947830504
0
110,27988425098954
0
109,66547015527237
0
109,0467319981386
0
108,42386377678196
0
107,79705858443974
0
107,16650851841293
0
106,53240459032115
0
105,89493663863854
0
105,25429324355214
0
104,61066164418207
0
103,96422765819862
0
103,31517560386781
0
102,66368822455424
0
102,00994661570562
0
101,35413015434101
0
100,69641643106087
0
100,03698118459364
0
99,37599823889116
0
98,71363944278087
0
98,05007461218081
0
97,38547147487938
0
96,71999561787959
0
96,05381043730425
0
95,38707709085573
0
94,71995445282117
0
94,05259907161152
0
93,38516512981992
0
92,71780440678246
0
92,05066624362222
0
91,38389751075454
0
90,71764257782998
0
90,05204328608845
0
89,38723892309653
0
88,72336619983778
0
88,06055923012367
0
87,39894951229162
0
86,73866591315408
0
86,07983465416176
0
85,42257929974191
0
84,76702074777172
0
84,11327722214496
0
83,46146426738926
0
82,81169474528998
0
82,16407883347557
0
81,51872402591836
0
80,87573513530401
0
80,23521429722163
0
79,59726097612632
0
78,96197197302497
0
78,32944143483557
0
77,69976086537011
0
77,07301913789037
0
76,44930250918594
0
75,82869463512327
0
75,2112765876146
0
74,59712687295551
0
73,98632145147957
0
73,37893375847905
0
72,77503472634022
0
72,17469280784262
0
71,577974000571
0
70,98494187239001
0
70,39565758793108
0
69,81017993604206
0
69,22856535815002
0
68,65086797748887
0
68,07713962914323
0
67,50742989086099
0
66,94178611458769
0
66,38025345867638
0
65,82287492072722
0
65,26969137101207
0
64,7207415864401
0
64,17606228502082
0
63,63568816078255
0
63,0996519191044
0
62,56798431242127
0
62,040714176261964
0
61,517868465581834
0
60,9994722913517
0
60,48554895736642
0
59,97611999723699
0
59,471205211531206
0
58,970822705028986
0
58,474988924059254
0
57,983718693886544
0
57,49702525611629
0
57,01492030608878
0
56,537414030233116
0
56,06451514335291
0
55,59623092581709
0
55,13256726062989
0
54,673528670355
0
54,21911835387017
0
53,76933822292931
0
53,32418893851022
0
52,883669946926965
0
52,44777951568702
0
52,01651476907421
0
51,589871723439266
0
51,16784532218104
0
50,750429470402
0
50,337617069222915
0
49,92940004974211
0
49,52576940662586
0
49,12671523131728
0
48,73222674485167
0
48,342292330267576
0
47,95689956460305
0
47,576035250467896
0
47,19968544718313
0
46,82783550147968
0
46,46047007774927
0
46,09757318784091
0
45,739128220397156
0
45,38511796972519
0
45,03552466419796
0
44,690329994181916
0
44,3495151394877
0
44,0130607963415
0
43,68094720387473
0
43,35315417013079
0
43,02966109758758
0
42,71044700819568
0
42,3954905679319
0
42,0847701108689
0
41,77826366276171
0
41,475948964152614
0
41,17780349299624
0
40,88380448680688
0
40,59392896433091
0
40,30815374674698
0
40,02645547839757
0
39,74881064705521
0
39,47519560372761
0
39,20558658200581
0
38,9399597169598
0
38,678291063586606
0
38,42055661481559
0
38,166732319076566
0
37,9167940974359
0
37,6707178603065
0
37,42847952373757
0
37,19005502528998
0
36,955420339503796
0
36,7245514929641
0
36,49742457897172
0
36,274015771825425
0
36,05430134072255
0
35,83825766328463
0
35,62586123871518
0
35,41708870059665
0
35,211916829333525
0
35,01032256424895
0
34,81228301534188
0
34,61777547471219
0
34,426777427660916
0
34,23926656347307
0
34,055220785890285
0
33,8746182232806
0
33,69743723851295
0
33,523656438543405
0
33,353254683720785
0
33,186211096818774
0
33,022505071801916
0
32,862116282332764
0
32,70502469002737
0
32,55121055246636
0
32,40065443096869
0
32,2533371981352
0
32,109240045169045
0
31,9683444889799
0
31,83063237907892
0
31,69608590427133
0
31,56468759915331
0
31,436420350420022
0
31,31126740299131
0
31,18921236596169
0
31,070239218381015
0
30,841476391092858
0
30,73165656904522
0
30,62485836224354
0
30,5210676807419
0
30,420270836030223
0
30,322454545803666
0
30,22760593861125
0
30,13571255838932
0
30,046762368885332
0
29,960743757977546
0
29,877645541895724
0
29,797456969348215
0
29,720167725560504
0
29,6457679362302
0
29,574248171403365
0
29,505599449277053
0
29,439813239932647
0
29,37688146900465
0
29,31679652128938
0
29,259551244297896
0
29,205138951757476
0
29,153553427065784
0
29,104788926701698
0
29,058840183596814
0
29,015702410471402
0
28,97537130313853
0
28,937843043779967
0
28,903114304197352
0
28,871182249042025
0
28,842044539026755
0
28,81569933412258
0
28,792145296743787
0
28,771381594923945
0
28,753407905485908
0
28,738224417208393
0
28,725831833991883
0
28,716231378026215
0
28,70942479296235
0
28,70541434709056
0
28,704202836527212
0
28,705793588412167
0
28,710190464118806
0
28,717397862478467
0
28,72742072302099
0
28,740264529233052
0
28,75593531183569
0
28,774439652082457
0
28,795784685079433
0
28,819978103128232
0
28,84702815909306
0
28,876943669792695
0
28,90973401941821
0
28,945409162977075
0
28,98397962976422
0
29,025456526860456
0
29,069851542658547
0
29,117176950417175
0
29,167445611842762
0
29,220670980699115
0
29,27686710644471
0
29,336048637897246
0
29,39823082692499
0
29,463429532164362
0
29,53166122276296
0
29,602942982147212
0
29,677292511813597
0
29,754728135142262
0
29,835268801231816
0
29,918934088753765
0
30,00574420982505
0
30,09572001389691
0
30,1888829916582
0
30,285255278951105
0
30,384859660697032
0
30,48771957483029
0
30,59385911623709
0
30,703303040697097
0
30,81607676882468
0
30,93220639000686
0
31,051718666334718
0
31,17464103652483
0
31,301001619827236
0
31,43082921991614
0
31,564153328759385
0
31,70100413046262
0
31,841412505083806
0
31,98541003241352
0
32,133028995716394
0
32,2843023854287
0
32,439263902807
0
32,597947963522515
0
32,760389701195614
0
32,92662497086472
0
33,096690352383646
0
33,27062315374102
0
33,448461414295615
0
33,630243907920615
0
33,816010146050154
0
34,005800380620904
0
34,1996556069013
0
34,39761756620084
0
34,59972874845159
0
34,80603239465372
0
35,01657249917683
0
35,23139381190832
0
35,45054184023998
0
35,67406285088364
0
35,90200387150656
0
36,1344126921768
0
36,37133786660864
0
36,612828713197935
0
36,85893531583684
0
37,10970852449718
0
37,3651999555715
0
37,625461991960385
0
37,890547782894636
0
38,16051124348019
0
38,43540705395397
0
38,71529065863801
0
39,000218264579196
0
39,2902468398618
0
39,58543411157932
0
39,8858385634523
0
40,191519433078234
0
40,50253670879939
0
40,81895112617438
0
41,14082416403868
0
41,46821804013924
0
41,801195706328095
0
42,13982084329945
0
42,48415785485454
0
42,834271861678516
0
43,19022869461287
0
43,552094887407144
0
43,91993766893333
0
44,29382495484583
0
44,673825338670056
0
45,06000808230218
0
45,45244310590263
0
45,85120097716548
0
46,256352899945824
0
46,667970702227066
0
47,086126823409856
0
47,51089430090412
0
47,94234675600582
0
48,38055837903957
0
48,82560391374843
0
49,277558640911856
0
49,73649836117293
0
50,202499377055695
0
50,67563847415371
0
51,15599290147035
0
51,64364035089214
0
52,13865893577566
0
52,64112716862902
0
53,15112393786902
0
53,668728483634865
0
54,19402037263959
0
54,72707947204062
0
55,26798592231072
0
55,81682010909104
0
56,373662634008085
0
56,938594284436604
0
57,51169600219077
0
58,093048851126326
0
58,68273398363657
0
59,280832606025534
0
59,88742594274218
0
60,50259519945967
0
61,1264215249843
0
61,75898597197952
0
62,400369456490374
0
63,0506527162549
0
63,70991626778935
0
64,37824036223469
0
65,05570493995285
0
65,74238958386161
0
66,43837347149811
0
67,1437353258015
0
67,85855336460648
0
68,58290524884
0
69,31686802941499
0
70,06051809281506
0
70,81393110536638
0
71,57718195619297
0
72,35034469885349
0
73,13349249165869
0
73,92669753666969
0
74,73003101737906
0
75,5435630350775
0
76,36736254391086
0
77,20149728463328
0
78,04603371706416
0
78,90103695125785
0
79,76657067739679
0
80,64269709442065
0
81,52947683740543
0
82,42696890370839
0
83,33523057789672
0
84,25431735547939
0
85,18428286546356
0
86,12517879175958
0
87,07705479345937
0
88,03995842401635
0
89,01393504935628
0
89,99902776495084
0
90,99527731188827
0
92,00272199197687
0
93,02139758192021
0
94,05133724660469
0
95,09257145154272
0
96,14512787451703
0
97,20903131647374
0
98,28430361171502
0
99,37096353744374
0
100,46902672271554
0
101,57850555685594
0
102,69940909740295
0
103,83174297763763
0
104,97550931376831
0
106,13070661183583
0
107,29732967441049
0
108,47536950715352
0
109,66481322531834
0
110,86564396026981
0
112,0778407661016
0
113,30137852643482
0
114,53622786148327
0
115,78235503547296
0
117,0397218645063
0
118,30828562496355
0
119,58799896253618
0
120,87880980198985
0
122,18066125775572
0
123,49349154545237
0
124,81723389444156
0
126,15181646152372
0
127,49716224588103
0
128,8531890053772
0
130,21980917432603
0
131,59692978284122
0
132,98445237788238
0
134,38227294611374
0
135,79028183869272
0
137,20836369810766
0
138,63639738718462
0
140,07425592038456
0
141,52180639751288
0
142,97890993996413
0
144,4454216296256
0
145,92119045056378
0
147,4060592336176
0
148,89986460402378
0
150,402436932198
0
151,913600287797
0
153,4331723971855
0
154,9609646044311
0
156,49678183595077
0
158,0404225689308
0
159,59167880364075
0
161,1503360397619
0
162,716173256848
0
164,28896289903523
0
165,86847086411598
0
167,45445649708964
0
169,04667258830014
0
170,64486537626925
0
0
0
0,10250343695470296
0,2809277862357725
0,2048018772857548
0,5598899540094624
0,30689567455121874
0,8368781354353307
0,40878522262581823
1,1118840438093998
0,5104709554847114
1,384899475383494
0,6119533469819963
1,6559163111098292
0,713232910624061
1,924926518355657
0,8143101993378907
2,191922152587483
0,9151858052344475
2,456895359024386
1,0158603593672337
2,719838374259984
1,1163345314861548
2,98074352785259
1,2166090297867904
3,2396032438831317
1,3166846006551902
3,496410042480405
1,416562028408304
3,7511565413132475
1,5162421350301571
4,003835457049237
1,6157257799038842
4,254439606779525
1,715013859539729
4,502961909409426
1,814107307299124
4,7493953870144106
1,9130070931149523
4,993733166161146
2,0117142232081098
5,2359684791932395
2,1102297398004644
5,4760946654813845
2,20855472082433
5,714105172637579
2,3066902796285507
5,949993557693124
2,4046375646813125
6,1837534882401295
2,502397759269772
6,415378743536246
2,599972081196625
6,644863215572377
2,6973617824736933
6,8722009101031185
2,7945681490126564
7,097385947639714
2,891592500313008
7,320412564405296
2,9884361891473494
7,541275113252227
3,0851006012441147
7,7599680645413445
3,1815871549678194
7,976486006982949
3,277897300996939
8,190823648439364
3,3740325219995033
8,40297581668895
3,4699943323065012
8,61293746015141
3,565784277583197
8,820703648574304
3,661403934498439
9,026269573680654
3,7568549103920508
9,229630549777566
3,8521388429404033
9,430782014325786
3,9472573998202454
9,62971952847014
4,042212278370881
9,826438777530829
4,13700520525478
10,02093557145551
4,231637936116701
10,213205845232213
4,326112255241415
10,403245659263025
4,4204299752101
10,591051199698605
4,5145929365554975
10,776618778733544
4,608603007415894
10,959944834862611
4,702462083188017
11,14102593309793
4,7961720861789106
11,319858765147188
4,889734965256863
11,496440149552926
4,98315269550147
11,670767031793039
5,076427277852882
11,842836484342573
5,169560738760325
12,012645706696961
5,2625551298299476
12,180192025356826
5,3554125274720645
12,345472893774517
5,448135032547862
12,508485892262518
5,540724770015617
12,66922872786394
5,6331838885765055
12,827699234185252
5,725514560320049
12,983895371191485
5,817718980369253
13,137815224964113
5,909799366525505
13,289457007421824
6,0017579589132755
13,438819056004455
6,093597019624678
13,585899833320314
6,185318832363939
13,730697926757164
6,2769257020918285
13,873212048057152
6,368419954670092
14,013441032855956
6,459803936505944
14,151383840186464
6,551080014196648
14,287039551947286
6,642250574174244
14,42040737233643
6,733318022350449
14,551486627250439
6,824284783761789
14,680276763649415
6,915153302214979
14,806777348888149
7,005926039932605
14,930988070013873
7,096605477199131
15,052908733030877
7,187194112007274
15,172539262132453
7,277694459704778
15,289879698900519
7,368109052641598
15,404930201473347
7,458440439817563
15,517691043681785
7,548691186530496
15,628162614154398
7,638863874024861
15,736345415391959
7,72896109914094
15,842240062811726
7,818985473964549
15,945847283761937
7,908939625477355
16,04716791650699
7,998826195207774
16,146202909183735
8,08864783888249
16,2429533187294
8,178407226078603
16,337420309781542
8,268107039876433
16,429605153550586
8,357749976512983
16,519509226665384
8,447338745036072
16,60713400999229
8,536876066959174
16,69248108742827
8,626364675916927
16,775552144668527
8,715807317321383
16,856348967949177
8,805206748018946
16,93487344276545
8,894565735948042
17,011127552565963
8,983887059797524
17,085113377423585
9,073173508665787
17,15683309268342
9,162427881720646
17,22628896758843
9,25165298785992
17,29348336388322
9,340851645372771
17,35841873439657
9,430026681601777
17,42109762160322
9,519180932605721
17,48152265616545
9,608317242823142
17,539696555455002
9,697438464736576
17,595622122055946
9,786547458537546
17,649302242248957
9,875647091792258
17,70073988447761
9,964740239107998
17,749938097797248
10,053829781800241
17,796900010306977
10,142918607560437
17,841628827565312
10,232009610124495
17,88412783099009
10,32110568894192
17,92440037624316
10,410209748845617
17,962449891600464
10,49932469972233
17,998279876307997
10,588453456183732
18,03189389892428
10,677598937238102
18,06329559564986
10,766764065962638
18,092488668644403
10,855951769176318
18,119476884331988
10,945164977113365
18,144264071695073
11,034406623097235
18,166854120557762
11,123679643215155
18,18725097985891
11,212986975993166
18,2054586559156
11,302331562071664
18,221481210677577
11,391716343881416
18,23532275997317
11,481144265320015
18,24698747174723
11,570618271428799
18,2564795642917
11,660141308070141
18,263803304469267
11,749716321605154
18,26896300593073
11,839346258571751
18,271963027326528
11,929034065363046
18,27280777051305
12,018782687906072
18,271501678754202
12,108595071340797
18,268049234918774
12,19847415969941
18,262454959674148
12,28842289558583
18,254723409676824
12,378444219855469
18,244859175760336
12,468541071295157
18,232866881121033
12,558716386303253
18,218751179502235
12,648973098569892
18,202516753377264
12,739314138757335
18,184168312131906
12,829742434180428
18,16371059024669
12,92026090848712
18,141148345479568
13,010872481338987
18,116486357049432
13,101580068091813
18,08972942382097
13,192386579476112
18,060882362491313
13,283294921277621
18,029950005778957
13,374307994017727
17,996937200615413
13,46542869263378
17,96184880634005
13,556659906159293
17,92468969289858
13,64800451740398
17,88546473904561
13,739465402633616
17,84417883055175
13,83104543124971
17,800836858415657
13,922747465468905
17,755443717081455
14,014574360002163
17,708004302661994
14,106528961733636
17,658523511168298
14,19861410939924
17,60700623674565
14,290832633264893
17,553457369916746
14,383187354804383
17,497881795832193
14,475681086376854
17,44028439252892
14,568316630903894
17,380670029196718
14,661096781546167
17,3190435644534
14,754024321379603
17,255409844628872
14,847102023071102
17,189773702058535
14,940332648553719
17,12213995338635
15,033718948701358
17,0525133978779
15,127263663002868
16,980898815743824
15,220969519235622
16,907300966473958
15,314839233138454
16,83172458718245
15,40887550808403
16,75417439096427
15,50308103475056
16,674655065263355
15,597458490792862
16,593171270252732
15,692010540512785
16,509727637226895
15,786739834528909
16,424328767006774
15,88164900944558
16,336979228357542
15,976740687521191
16,24768355641957
16,072017476335773
16,15644625115277
16,1674819684578
16,063271775794654
16,26313674111025
15,968164555332304
16,35898435583591
15,871128974988556
16,455027358161857
15,772169378722626
16,551268277263173
15,671290067745417
16,64770962562586
15,568495299049749
16,744353898708916
15,463789283955748
16,84120357460559
15,357176186671596
16,93826111370384
15,248660122869888
17,035528958345925
15,13824515827976
17,13300953248715
15,025935307295041
17,230705241353817
14,911734531598594
17,328618471100267
14,795646738803045
17,426751588465113
14,67767578110808
17,52510694042661
14,55782545397451
17,6236868538572
14,43609949481524
17,72249363517718
14,312501581703335
17,821529570007545
14,187035332097341
17,920796922821992
14,059704301584008
18,02029793659809
13,930511982638563
18,120034832467645
13,799461803402693
18,22000980936621
13,666557126480336
18,320225043681823
13,531801247751483
18,420682688902932
13,395197395204029
18,521384875265557
13,256748727783865
18,62233370939965
13,11645833426331
18,72353127397474
12,974329232127957
18,824979627344806
12,830364366482103
18,926680803192482
12,68456660897281
19,028636810172483
12,536938756732715
19,130849631554433
12,387483531341683
19,233321224865005
12,236203577807387
19,33605352152942
12,083101463564905
19,439048426512347
11,92817967749538
19,542307817958257
11,771440628963868
19,645833546831174
11,612886646876396
19,74962743655395
11,452519978756326
19,85369128264703
11,290342789840066
19,95802685236679
11,126357162192207
20,06263588434342
10,960565093840113
20,16752008821845
10,792968497928031
20,272681144281947
10,623569201890765
20,37812070310939
10,452368946646954
20,483840385198267
10,279369385811991
20,589841780604516
10,10457208493061
20,696126448578717
9,927978520729203
20,802695917202225
9,749590080387865
20,909551683023203
9,569408060832199
21,016695210692607
9,387433668044912
21,124127932600256
9,203668016397229
21,231851248510917
9,018112128000123
21,339866525200566
8,830766932075381
21,44817509609285
8,641633264346535
21,55677826089576
8,450711866449646
21,665677285238665
8,258003385363963
21,774873400309698
8,063508372862447
21,88436780249357
7,867227284982194
21,99416165300994
7,66916048151471
22,104256077552296
7,469308225516086
22,214652165927536
7,267670682837037
22,325350971696224
7,064247921672819
22,43635351181367
6,859039912133003
22,547660766271843
6,652046525831109
22,65927367774223
6,443267535494096
22,771193151219766
6,232702614591673
22,883420053667756
6,020351336985449
22,9959552136641
5,806213176597892
23,108799421048694
5,59028750710108
23,22195342657222
5,372573601625244
23,33541794154636
5,153070632487065
23,44919363749555
4,931777670937738
23,563281145810336
4,708693686930751
23,67768105740244
4,483817548909386
23,792393922361647
4,257148023613912
23,90742024961456
4,02868377590845
24,02276050658536
3,7984233686274984
24,138415118858685
3,5663652624420807
24,25438446984466
3,3325078157455166
24,370668900446255
3,0968492845587794
24,487268708729015
2,8593878224554223
24,604184149593333
2,6201214805060555
24,721415434449288
2,3790482072423464
24,838962730894224
2,136165848640531
24,956826162393163
1,8914721481244026
25,075005807962143
1,6449647465877668
25,193501701854597
1,396641182436335
25,312313833250947
1,14649889164904
25,43144214595139
0,8945352078587487
25,55088653807217
0,6407473624523562
25,67064686174531
0,38513248469023637
25,790722922821992
0,12768760184503292
25,911114480579673
0
26,03182124743312
0
26,152842888649374
0
26,27417902206691
0
26,39582921781897
0
26,517792998061328
0
26,64006983670449
0
26,762659159150612
0
26,88556034203506
0
27,008772712972938
0
27,1322955503106
0
27,25612808288233
0
27,38026948977225
0
27,504718900081684
0
27,62947539270208
0
27,75453799609355
0
27,87990568806929
0
28,00557739558591
0
28,131551994539848
0
28,257828309570034
0
28,384405113866872
0
28,51128112898777
0
28,638455024679228
0
28,76592541870576
0
28,893690876685692
0
29,021749911934
0
29,150100985312324
0
29,278742505086342
0
29,40767282679053
0
29,536890253100573
0
29,66639303371345
0
29,79617936523546
0
29,926247391078146
0
30,05659520136244
0
30,18722083283104
0
30,3181222687692
0
30,44929743893405
0
30,580744219492598
0
30,712460432968527
0
30,84444384819793
0
30,976692180294112
0
31,109203090621584
0
31,241974186779366
0
31,375003022593763
0
31,508287098120693
0
31,641823859657723
0
31,775610699765934
0
31,90964495730171
0
32,04392391745859
0
32,17844481181935
0
32,313204818418285
0
32,448201061814004
0
32,5834306131727
0
32,71889049036203
0
32,854577658055796
0
32,99048902784945
0
33,126621458386545
0
33,262971755496245
0
33,39953667234201
0
33,536312909581525
0
33,67329711553797
0
33,81048588638275
0
33,94787576632972
0
34,08546324784109
0
34,22324477184496
0
34,3612167279647
0
34,49937545476015
0
34,63771723998077
0
34,77623832083083
0
34,914934884246584
0
35,053803067185726
0
35,19283895692894
0
35,33203859139373
0
35,47139795946063
0
35,61091300131173
0
35,75057960878163
0
35,89039362572086
0
36,03035084837184
0
36,170447025757305
0
36,31067786008138
0
36,45103900714323
0
36,59152607676331
0
36,732134633222316
0
36,872860195712754
0
37,01369823880323
0
37,15464419291539
0
37,295693444813566
0
37,43684133810712
0
37,578083173765464
0
37,71941421064574
0
37,86082966603319
0
38,002324716194195
0
38,143894496941826
0
38,28553410421411
0
38,42723859466479
0
38,56900298626666
0
38,71082225892727
0
38,85269135511724
0
38,99460518051075
0
39,13655860463859
0
39,278546461553226
0
39,420563550506316
0
39,56260463663813
0
39,70466445167917
0
39,84673769466372
0
39,988819032655265
0
40,130903101483696
0
40,27298450649425
0
40,41505782330801
0
40,557117598593955
0
40,69915835085229
0
40,841174571209116
0
40,98316072422225
0
41,12511124869797
0
41,26702055851875
0
41,40888304348168
0
41,55069307014751
0
41,69244498270012
0
41,83413310381638
0
41,97575173554606
0
42,117295160201806
0
42,25875764125889
0
42,40013342426465
0
42,54141673775739
0
42,682601794194554
0
42,82368279089006
0
42,96465391096051
0
43,105509324280156
0
43,24624318844437
0
43,38684964974142
0
43,527322844132456
0
43,66765689823924
0
43,8078459303397
0
43,94788405137087
0
44,08776536593908
0
44,227483973337165
0
44,36703396856845
0
44,5064094433772
0
44,645604487285496
0
44,784613188636015
0
44,92342963564065
0
45,06204791743474
0
45,20046212513647
0
45,33866635291138
0
45,47665469904159
0
45,61442126699951
0
45,75196016652579
0
45,889265514711234
0
46,02633143708229
0
46,16315206869004
0
46,299721555202225
0
46,43603405399812
0
46,57208373526587
0
46,70786478310219
0
46,84337139661389
0
46,9785977910211
0
47,113538198761844
0
47,24818687059767
0
47,38253807672003
0
47,516586107857066
0
47,6503252763806
0
47,7837499174129
0
47,91685438993302
0
48,049633077882326
0
48,18208039126895
0
48,31419076727078
0
48,445958671336825
0
48,577378598286494
0
48,7084450734065
0
48,83915265354517
0
48,96949592820375
0
49,0994695206244
0
49,22906808887465
0
49,358286326927846
0
49,48711896573947
0
49,6155607743188
0
49,74360656079582
0
49,87125117348286
0
49,99848950193086
0
50,12531647797971
0
50,251727076802595
0
50,37771631794389
0
50,50327926635031
0
50,628411033395075
0
50,753106777894686
0
50,87736170711816
0
51,00117107778826
0
51,124530197074506
0
51,2474344235777
0
51,36987916830559
0
51,49185989563943
0
51,61337212429118
0
51,734411428251
0
51,85497343772475
0
51,97505384006129
0
52,09464838066926
0
52,21375286392305
0
52,332363154057674
0
52,45047517605242
0
52,5680849165028
0
52,68518842448072
0
52,80178181238254
0
52,91786125676477
0
53,03342299916718
0
53,148463346923045
0
53,262978673956404
0
53,37696542156588
0
53,490420099195084
0
53,60333928518921
0
53,715719627537645
0
53,82755784460245
0
53,93885072583236
0
54,04959513246226
0
54,15978799819782
0
54,26942632988521
0
54,37850720816554
0
54,487027788114005
0
54,59498529986353
0
54,70237704921264
0
54,809200418217536
0
54,915452865768096
0
55,02113192814773
0
55,12623521957691
0
55,23076043274023
0
55,334705339296896
0
55,43806779037444
0
55,54084571704566
0
55,64303713078854
0
55,74464012392913
0
55,84565287006724
0
55,946073624484875
0
56,0459007245373
0
56,14513259002669
0
56,243767723558186
0
56,34180471087847
0
56,43924222119656
0
56,53607900748701
0
56,632313906775266
0
56,72794584040521
0
56,822973814288936
0
56,91739691913854
0
57,011214330680076
0
57,104425309849574
0
57,197029202971116
0
57,28902544191696
0
57,38041354424977
0
57,471193113346814
0
57,56136383850639
0
57,650925495036205
0
57,739877944323986
0
57,82822113389022
0
57,91595509742306
0
58,003079954795545
0
58,08959591206504
0
58,17550326145512
0
58,26080238131979
0
58,345493736090276
0
58,429577876204284
0
58,513055438018036
0
58,59592714370092
0
58,678193801113046
0
58,759856303665735
0
58,84091563016501
0
58,92137284463822
0
59,00122909614403
0
59,080485618565675
0
59,159143730387804
0
59,23720483445693
0
59,31467041772576
0
59,39154205098127
0
59,46782138855708
0
59,54351016802986
0
59,61861020990031
0
59,6931234172585
0
59,76705177543409
0
59,84039735163137
0
59,913162294549345
0
59,98534883398712
0
60,0569592804347
0
60,12799602464938
0
60,198461537218
0
60,268358368105204
0
60,33768914618784
0
60,40645657877589
0
60,47466345111992
0
60,542312625905446
0
60,60940704273429
0
60,67594971759325
0
60,7419437423102
0
60,80739228399798
0
60,87229858448616
0
60,93666595974099
0
61,00049779927376
0
61,06379756553776
0
61,12656879331416
0
61,18881508908697
0
61,25054013040733
0
61,311747665247395
0
61,3724415113441
0
61,43262555553296
0
61,49230375307219
0
61,55148012695745
0
61,610158767227375
0
61,66834383026019
0
61,72603953806167
0
61,78325017754467
0
61,839980099800506
0
61,896233719362414
0
61,95201551346136
0
62,00733002127446
0
62,06218184316624
0
62,116575639923056
0
62,170516131980804
0
62,224008098646365
0
62,27705637731284
0
62,32966586266896
0
62,381841505902905
0
62,433588313900735
0
62,484911348439766
0
62,535815725377056
0
62,586306613833344
0
62,63638923537261
0
62,68606886317757
0
62,73535082122132
0
62,78424048343538
0
62,83274327287442
0
62,88086466087781
0
62,928610166228445
0
62,97598535430878
0
63,022995836254665
0
63,06964726810686
0
63,11594534996085
0
63,16189582511478
0
63,20750447921612
0
63,252777139407016
0
63,29771967346873
0
63,34233798896524
0
63,38663803238645
0
63,4306257882909
0
63,4743072784485
0
63,51768856098341
0
63,56077572951711
0
63,60357491231215
0
63,64609227141655
0
63,68833400180921
0
63,73030633054643
0
63,77201551590975
0
63,813467846555405
0
63,85466964066542
0
63,895627245100705
0
63,93634703455615
0
63,97683541071808
0
64,01709880142414
0
64,05714365982578
0
64,09697646355364
0
64,13660371388569
0
64,17603193491878
0
64,21526767274324
0
64,25431749462106
0
64,29318798816762
0
64,33188576053713
0
64,37041743761206
0
64,40878966319649
0
64,44700909821367
0
64,48508241990795
0
64,52301632105099
0
64,56081750915264
0
64,59849270567653
0
64,63604864526029
0
64,67349207494085
0
64,71082975338466
0
64,74806845012311
0
64,78521494479311
0
64,82227602638301
0
64,85925849248396
0
64,89616914854686
0
64,93301480714469
0
64,96980228724078
0
65,00653841346269
0
65,04323001538195
0
65,07988392679975
0
65,11650698503855
0
65,15310603023978
0
65,18968790466768
0
65,22625945201912
0
65,26282751673986
0
65,29939894334693
0
65,33598057575738
0
65,37257925662324
0
65,40920182667315
0
65,44585512406006
0
65,48254598371564
0
65,51928123671104
0
65,55606770962426
0
65,59291222391383
0
65,6298215952993
0
65,66680263314808
0
65,70386213986889
0
65,74100691031185
0
65,77824373117504
0
65,81557938041763
0
65,85302062667971
0
65,89057422870852
0
65,9282469347913
0
65,96604548219469
0
66,00397659661058
0
66,04204699160859
0
66,08026336809488
0
66,11863241377749
0
66,15716080263816
0
66,19585519441041
0
66,2347222340641
0
66,27376855129623
0
66,31300076002815
0
66,35242545790881
0
66,39204922582446
0
66,43187862741429
0
66,47192020859231
0
66,51218049707516
0
66,55266600191612
0
66,5933832130448
0
66,63433860081295
0
66,67553861554593
0
66,71698968710001
0
66,75869822442537
0
66,80067061513475
0
66,84291322507747
0
66,8854323979193
0
66,92823445472735
0
66,97132569356056
0
67,01471238906535
0
67,05840079207647
0
67,10239712922295
0
67,14670760253908
0
67,19133838908031
0
67,23629564054401
0
67,28158548289503
0
67,32721401599586
0
67,3731873132415
0
67,41951142119865
0
67,4661923592495
0
67,51323611923972
0
67,56064866513071
0
67,60843593265592
0
67,65660382898129
0
67,7051582323696
0
67,75410499184852
0
67,80344992688268
0
67,853198827049
0
67,90335745171595
0
67,95393152972598
0
68,00492675908131
0
68,05634880663312
0
68,10820330777366
0
68,16049586613153
0
68,2132320532698
0
68,2664174083871
0
68,3200574380211
0
68,37415761575504
0
68,42872338192639
0
68,48376014333813
0
68,53927327297221
0
68,59526810970536
0
68,65174995802673
0
68,70872408775777
0
68,76619573377388
0
68,82417009572778
0
68,88265233777462
0
68,9416475882987
0
69,00116093964151
0
69,06119744783125
0
69,1217621323136
0
69,18285997568356
0
69,24449592341837
0
69,30667488361144
0
69,36940172670707
0
69,43268128523594
0
69,49651835355127
0
69,56091768756538
0
69,62588400448693
0
69,69142198255841
0
69,75753626079378
0
69,82423143871647
0
69,89151207609726
0
69,95938269269224
0
70,02784776798072
0
70,09691174090264
0
70,16657900959602
0
70,23685393113384
0
70,30774082126041
0
70,37924395412729
0
70,45136756202842
0
70,52411583513465
0
70,59749292122736
0
70,67150292543116
0
70,74614990994571
0
70,82143789377638
0
70,89737085246374
0
70,973952717812
0
71,051187377616
0
71,12907867538689
0
71,20763041007636
0
71,28684633579941
0
71,36673016155552
0
71,44728555094817
0
71,52851612190267
0
71,61042544638224
0
71,69301705010227
0
71,77629441224259
0
71,86026096515805
0
71,94492009408677
0
72,03027513685666
0
72,11632938358964
0
72,20308607640374
0
72,29054840911314
0
72,3787195269258
0
72,46760252613889
0
72,55720045383194
0
72,64751630755752
0
72,73855303502968
0
72,83031353380983
0
72,92280065099015
0
73,01601718287472
0
73,10996587465785
0
73,20464942010008
0
73,3000704612016
0
73,3962315878729
0
73,49313533760314
0
73,59078419512561
0
73,68918059208079
0
73,78832690667664
0
73,88822546334636
0
73,98887853240336
0
74,0902883296938
0
74,1924570162463
0
74,29538669791904
0
74,39907942504439
0
74,50353719207074
0
74,60876193720176
0
74,71475554203316
0
74,8215198311867
0
74,92905657194186
0
75,03736747386475
0
75,14645418843475
0
75,2563183086684
0
75,3669613687411
0
75,47838484360625
0
75,59059014861204
0
75,70357863911592
0
75,81735161009678
0
75,93191029576487
0
76,04725586916952
0
76,16338944180478
0
76,28031206321282
0
76,3980247205855
0
76,51652833836381
0
76,63582377783548
0
76,75591183673072
0
76,99846868348745
0
77,12093874535927
0
77,24420397385516
0
77,36826484279483
0
77,49312175998054
0
77,61877506678212
0
77,74522503772081
0
77,872471880052
0
78,00051573334697
0
78,1293566690737
0
78,25899469017698
0
78,38942973065768
0
78,52066165515166
0
78,65269025850797
0
78,78551526536694
0
78,9191363297378
0
79,05355303457648
0
79,18876489136319
0
79,32477133968025
0
79,46157174679018
0
79,59916540721426
0
79,73755154231155
0
79,87672929985874
0
80,01669775363064
0
80,15745590298184
0
80,29900267242945
0
80,44133691123706
0
80,58445739300022
0
80,72836281523352
0
80,87305179895935
0
81,01852288829863
0
81,16477455006377
0
81,3118051733536
0
81,459613069151
0
81,60819646992303
0
81,75755352922378
0
81,9076823213004
0
82,05858084070198
0
82,21024700189206
0
82,36267863886447
0
82,51587350476295
0
82,66982927150465
0
82,82454352940786
0
82,9800137868238
0
83,13623746977314
0
83,29321192158707
0
83,45093440255344
0
83,6094020895678
0
83,76861207578993
0
83,92856137030586
0
84,08924689779566
0
84,25066549820711
0
84,41281392643567
0
84,57568885201071
0
84,73928685878856
0
84,90360444465215
0
85,06863802121792
0
85,23438391354996
0
85,40083835988166
0
85,56799751134507
0
85,73585743170825
0
85,90441409712102
0
86,07366339586876
0
86,24360112813531
0
86,41422300577446
0
86,58552465209075
0
86,75750160162963
0
86,93014929997717
0
87,10346310356972
0
87,27743827951362
0
87,45207000541518
0
87,6273533692214
0
87,8032833690713
0
87,97985491315852
0
88,15706281960499
0
88,33490181634633
0
88,5133665410289
0
88,69245154091891
0
88,87215127282377
0
89,05246010302601
0
89,23337230722979
0
89,41488207052046
0
89,59698348733743
0
89,77967056146024
0
89,96293720600859
0
90,14677724345607
0
90,33118440565815
0
90,51615233389457
0
90,7016745789262
0
90,88774460106698
0
91,07435577027073
0
91,26150136623328
0
91,4491745785103
0
91,63736850665062
0
91,82607616034572
0
92,01529045959532
0
92,20500423488936
0
92,3952102274066
0
92,58590108923005
0
92,7770693835795
0
92,96870758506111
0
93,16080807993464
0
93,35336316639818
0
93,54636505489074
0
93,7398058684129
0
93,93367764286567
0
94,1279723274077
0
94,3226817848311
0
94,51779779195603
0
94,71331204004414
0
94,90921613523126
0
95,10550159897917
0
95,30215986854694
0
95,49918229748175
0
95,69656015612948
0
95,8942846321652
0
96,09234683114356
0
96,29073777706951
0
96,48944841298912
0
96,68846960160094
0
96,88779212588777
0
97,08740668976918
0
97,28730391877471
0
97,48747436073788
0
97,6879084865113
0
97,8885966907026
0
98,08952929243168
0
98,29069653610898
0
98,49208859223518
0
98,6936955582221
0
98,89550745923505
0
99,09751424905663
0
99,29970581097199
0
99,50207195867556
0
99,70460243719945
0
99,90728692386332
0
100,11011502924586
0
100,31307629817789
0
100,51616021075702
0
100,71935618338391
0
100,9226535698201
0
101,12604166226743
0
101,32950969246883
0
101,53304683283079
0
101,73664219756708
0
101,94028484386399
0
102,1439637730667
0
102,34766793188712
0
102,5513862136326
0
102,75510745945601
0
102,95882045962657
0
103,16251395482158
0
103,366176637439
0
103,56979715293053
0
103,77336410115527
0
103,97686603775364
0
104,18029147554162
0
104,38362888592495
0
104,58686670033318
0
104,78999331167351
0
104,99299707580408
0
105,19586631302658
0
105,398589309598
0
105,60115431926121
0
105,80354956479442
0
106,00576323957884
0
106,20778350918468
0
106,40959851297517
0
106,61119636572813
0
106,8125651592752
0
107,01369296415795
0
107,21456783130124
0
107,41517779370277
0
107,61551086813932
0
107,81555505688864
0
108,01529834946724
0
108,21472872438335
0
0,10260604299770065
0,2819077862357725
0,30576600813314797
0,8437633587073176
0,5058787261602676
1,4025946542476238
0,7029854283692833
1,9582901212719546
0,8971273132943294
2,510739285884913
1,0883455293280107
3,0598328178364578
1,2766811579091737
3,6054625955017356
1,4621751972799024
4,147521769817998
1,6448685468073119
4,685904827113198
1,824801991865278
5,220507650762338
2,0020161892708432
5,751227581609179
2,1765516532696516
6,277963477092568
2,3484487420644076
6,800615769018369
2,517747644880009
7,319086519919816
2,6844883695586903
7,833279477950995
2,8487107306782082
8,343100130260156
3,0104543381858218
8,848455754791624
3,16975858654057
9,349255470467197
3,3266626443560967
9,845410285700117
3,4812054445360525
10,336833145196996
3,6334256748939193
10,823438975005374
3,783361769248892
11,305144725766969
3,9310518989892955
11,781869414139145
4,07653396509488
12,253534162349554
4,2198455906091805
12,720062235851476
4,3610241135530075
13,181379079049885
4,500106580270083
13,637412349070939
4,637129739195659
14,088091947550115
4,772130035038991
14,533350050416919
4,905143603370377
14,973121135656736
5,036206265603516
15,407342009033066
5,165353524363859
15,835951827756025
5,292620559233592
16,258892122085786
5,418042222863967
16,676106814862138
5,541653037445585
17,087542238954214
5,663487191527354
17,49314715262695
5,7835785371748205
17,892872752823564
5,901960587458606
18,286672686365925
6,01866651426376
18,67450305907737
6,133729146410863
19,056322442834947
6,247180968079805
19,4320918805608
6,359054117527221
19,801774889164708
6,469380386088641
20,165337460452438
6,578191217456524
20,522748060016863
6,6855177072254275
20,873977624131186
6,791390602695639
21,218999554665977
6,89584030292677
21,557789712053903
6,998896859032847
21,890326406328334
7,100589974710613
22,21659038626396
7,200949006992854
22,536564826649908
7,300002967218678
22,85023531372746
7,397780522212841
23,15758982882683
7,494309995666317
23,45861873023889
7,589619369710477
23,753314733359833
7,683736286677346
24,04167288914828
7,776688051038607
24,323690560936
7,868501631516107
24,599367399634957
7,959203663356828
24,868705317384773
8,048820450765385
25,131708459686212
8,13737796948731
25,388383176067357
8,224901869536515
25,638737989330522
8,311417478060456
25,882783563428923
8,396949802336762
26,12053267002318
8,481523532895126
26,352000153768685
8,565163046758531
26,57720289638558
8,647892410797962
26,796159779563972
8,729735385194935
27,00889164675756
8,810715427006365
27,21542126391947
8,89085569382639
27,415773279234493
8,970179047539972
27,609974181902402
9,048708058163218
27,798052260027262
9,126465007765571
27,980037557667803
9,203471894469082
28,155961831104214
9,279750436520235
28,32585850437659
9,355322076429859
28,48976262415025
9,430207985176848
28,64771081396318
9,504429066471571
28,799741227910413
9,57800596107496
28,945893503820045
9,65095905116943
29,086208715975207
9,723308464777952
29,22072932743581
9,79507408022767
29,349499142013496
9,866275530654658
29,47256325595255
9,936932208546537
29,58996800936895
10,007063270319744
29,70176093749903
10,076687640928482
29,80799072180852
10,145824018502388
29,908707141011732
10,214490879010203
30,003961022050063
10,282706480946736
30,09380419107774
10,350488870040635
30,178289424502104
10,41785588398052
30,257470400124298
10,484825157157196
30,331401648425576
10,551414125419774
30,400138504043
10,617640030843585
30,463737057477232
10,683519926507989
30,522254107074147
10,749070681282141
30,575747111320368
10,814308984617034
30,624274141491917
10,879251351342116
30,667893834693743
10,943914126464932
30,706665347326563
11,008313489972348
30,740648309016173
11,072465461631976
30,769902777038986
11,136385905792503
30,794489191276284
11,200090536181776
30,814468329728065
11,263594920701495
30,829901264616282
11,326914486217522
30,840849319105608
11,390064523344833
30,84737402466854
11,45306019122629
30,84953707912029
11,515916522304387
30,8474003053474
11,578648427085298
30,841025610752713
11,641270698894576
30,830474947437764
11,703798018623885
30,81581027314246
11,766244959468299
30,79709351296026
11,828625991653684
30,774386521845962
11,890955487153796
30,747751047931587
11,95324772439674
30,71724869666461
12,015516892960537
30,682940895781392
12,077777098257569
30,644888861127416
12,140042366207727
30,603153563334484
12,20232664790015
30,557795695363858
12,2646438242435
30,508875640923005
12,327007710604686
30,45645344376241
12,389432061436157
30,40058877785757
12,451930574891708
30,341340918480306
12,51451689743099
30,278768714162155
12,577204628412808
30,212930559551562
12,640007324677384
30,143884369165544
12,702938505117828
30,071687552035222
12,766011655240984
29,99639698724384
12,82924023171799
29,918069000354635
12,892637666924795
29,83675934072507
12,956217373472981
29,752523159702985
13,019992748731216
29,665414989699226
13,083977179337717
29,575488724130558
13,148184045704118
29,482797598225673
13,212626726511125
29,38739417068645
13,27731860319641
29,289330306195673
13,342273064435158
29,18865715876187
13,407503510613761
29,085425155890988
13,473023358297073
28,979683983574212
13,538846044689748
28,87148257208037
13,604985032092129
28,760869082540882
13,671453812351174
28,64789089431465
13,738265911306957
28,53259459311964
13,805434893235187
28,415025959917564
13,872974365286321
28,295229960537498
13,940897981921735
28,173250736023796
14,009219449347462
28,04913159369344
14,077952529946053
27,92291499888734
14,147111046707
27,79464256740006
14,216708887656257
27,664355058571818
14,286760010285365
27,5320923690266
14,357278445980633
27,39789352703982
14,42827830445287
27,261796687518803
14,49977377816813
27,123839127579174
14,571779146779933
26,984057242700068
14,644308781563392
26,842486543440884
14,71737714985166
26,699161652702365
14,790998819475135
26,554116303514444
14,86518846320378
26,40738333733349
14,93996086319294
26,25899470283139
15,01533091543303
26,108981455158965
15,091313634203349
25,957373755666154
15,167924156530422
25,804200872061536
15,245177746651025
25,649491178993696
15,32308980048026
25,493272159037126
15,401675850084793
25,3355704040653
15,48095156816152
25,176411616993803
15,560932772521756
25,01582061387645
15,641635430581108
24,85382132633741
15,723075663855077
24,690436804322697
15,805269752460493
24,5256892191543
15,888234139622703
24,35959986687058
15,971985436188561
24,19218917183674
16,056540425145084
24,0234766906093
16,141916066143686
23,853481116038807
16,2281295000298
23,682220281595153
16,315198053377674
23,509711165900217
16,403139243030076
23,33596989745268
16,491970780642596
23,1610117595302
16,58171057723215
22,984851195254326
16,672376747729277
22,807501812803867
16,76398761553372
22,628976390762638
16,856561717072758
22,449286883587813
16,950117806361686
22,268444427185393
17,04467485956574
22,086459344579595
17,140252079562735
21,90334115166322
17,236868900505666
21,71909856301642
17,33454499238426
21,533739497781447
17,43330026558469
21,34727108558144
17,533154875446293
21,159699672471447
17,634129226814256
20,971030826910255
17,736243978587076
20,781269345741894
17,839520048257523
20,590419260175928
17,943978616445733
20,39848384175601
18,049641131423073
20,20546560830644
18,156529313625175
20,011366329846716
18,264665160152546
19,81618703446446
18,374070949257096
19,619928014137272
18,484769244812718
19,422588830494462
18,596782900768055
19,224168320509772
18,710135065579436
19,024664602116637
18,824849186621915
18,8240750797376
18,94094901457614
18,62239644972002
19,0584586077888
18,419624705670213
19,17740233660419
18,215755143678667
19,29780488766435
18,01078236742906
19,419691268175136
17,80470029318416
19,543086810135463
17,59750215464188
19,66801717452679
17,38918050765506
19,79450835545987
17,179727234808713
19,922586684275593
16,969133549848767
20,052278833596674
16,75739000195656
20,183611821326785
16,544486479863494
20,31661301459358
16,330412215800603
20,451310133631992
16,115155789277807
20,587731255603916
15,898705130688079
20,725904818350458
15,681047524731689
20,865859624072517
15,462169613656089
21,007624842935606
15,24205740030706
21,151230016594447
15,020696250986989
21,296705061632863
14,798070898116299
21,44408027291425
14,574165442694198
21,593386326837848
14,348963356555148
21,744654284495816
14,12244748441749
21,89791559472591
13,894600045720987
22,053202097054573
13,665402636249961
22,21054602452492
13,434836229539103
22,369980006403956
13,202881178058927
22,531537070763356
12,969517214178135
22,695250646927754
12,734723450900178
22,861154567784496
12,498478382371504
23,02928307194854
12,260759884158984
23,19967080577609
12,02154521329424
23,372352825220304
11,780811008082601
23,54736459752232
11,53853328767451
23,7247420027307
11,294687451397404
23,904521335042
11,049248277846036
24,086739303955383
10,802189923729353
24,271433035233663
10,553485922472138
24,458640071663176
10,303109182569681
24,648398373604714
10,051031985693735
24,840746319327515
9,797225984548222
25,035722705118154
9,541662200473077
25,23336674515609
9,28431102079475
25,433718071147275
9,025142195921905
25,636816731707373
8,76412483618488
25,842703191485572
8,501227408417597
26,051418330020216
8,236417732280525
26,263003440317057
7,969662976323455
26,477500227140826
7,700929653786803
26,694950805010826
7,430183618140182
26,915397695890825
7,157390058357093
27,13888382656368
6,882513493924478
27,365452525680755
6,605517769586035
27,595147520476186
6,326366049818093
27,828012933135888
6,04502081303694
28,064093276811068
5,761443845536482
28,303433451265853
5,475596235155098
28,546078738148644
5,187438364670651
28,792074795876577
4,896929904922446
29,041467654122414
4,604029807659188
29,294303707893185
4,308696298111716
29,550629711189657
4,010886867289543
29,81049277023577
3,7105582640000243
30,073940336267064
3,4076664865891466
30,34102019786707
3,1021667744027965
30,611780472840586
2,79401359896746
30,88626959961274
2,4831606548892537
31,164536328142685
2,1695608504701696
31,446629710340872
1,8531662980404988
31,732599089978656
1,533928304006288
32,0224940920792
1,211797358610724
32,31636461177854
0,8867231254084018
32,614260802645774
0,5586544304513161
32,91623306445136
0,22753925118546547
33,22233203037267
0
33,53260855362584
0
33,847113693513315
0
34,165898700876355
0
34,48901500294215
0
34,81651418755514
0
35,148447986782365
0
35,484868259883015
0
35,825826975632324
0
36,17137619399039
0
36,5215680471066
0
36,87645471965068
0
37,23608842846187
0
37,600521401507514
0
37,9698058561435
0
38,3439939766685
0
38,72313789116504
0
39,107289647620384
0
39,496501189321
0
39,89082432951453
0
40,29031072533392
0
40,69501185097877
0
41,104978970149574
0
41,520263107731
0
41,94091502072101
0
42,36698516840336
0
42,79852368176152
0
43,23558033213263
0
43,67820449910134
0
44,12644513763344
0
44,58035074445045
0
45,039969323646915
0
45,50534835155311
0
45,97653474084661
0
46,45357480391699
0
46,93651421548923
0
47,425397974511746
0
47,920270365316455
0
48,421174918059066
0
48,92815436844867
0
49,44125061677717
0
49,96050468625968
0
50,485956680698514
0
51,01764574148429
0
51,555610003948985
0
52,09988655308675
0
52,65051137865975
0
53,207519329707374
0
53,77094406847833
0
54,34081802380662
0
54,91717234395348
0
55,500036848938755
0
56,08943998238652
0
56,68540876291107
0
57,28796873507062
0
57,89714391991771
0
58,51295676517641
0
59,135428095077806
0
59,76457705988688
0
60,40042108515506
0
61,042975820734036
0
61,69225508958823
0
62,348270836444144
0
63,01103307631672
0
63,6805498429538
0
64,35682713724155
0
65,03986887561466
0
65,7296768385168
0
66,42625061895806
0
67,12958757121739
0
67,83968275973913
0
68,55652890827469
0
69,28011634932074
0
70,01043297390717
0
70,74746418178927
0
71,49119283209885
0
72,24159919451172
0
72,99866090098834
0
73,76235289814652
0
74,53264740032577
0
75,30951384340382
0
76,09291883942647
0
76,88282613211327
0
77,67919655330164
0
78,48198798039347
0
79,29115529486812
0
80,1066503419268
0
80,92842189133377
0
81,75641559951993
0
82,59057397301493
0
83,43083633327416
0
84,27713878296721
0
85,12941417379422
0
85,98759207589683
0
86,8515987489302
0
87,72135711486247
0
88,59678673256762
0
89,47780377427729
0
90,36432100395702
0
91,25624775767115
0
92,15348992600043
0
93,05594993857541
0
93,96352675078785
0
94,87611583274105
0
95,79360916049949
0
96,71589520969638
0
97,64285895155648
0
98,57438185139037
0
99,51034186961448
0
100,4506134653493
0
101,39506760264736
0
102,34357175939903
0
103,2959899389638
0
104,25218268457142
0
105,21200709653556
0
106,17531685231988
0
107,1419622294946
0
108,11179013161801
0
109,08464411707567
0
110,0603644309067
0
111,03878803964369
0
112,01974866918972
0
113,00307684575336
0
113,98859993985823
0
114,97614221344176
0
115,9655248700532
0
116,95656610815826
0
117,94908117755364
0
118,94288243889166
0
119,93777942631098
0
120,93357891316577
0
121,9300849808422
0
122,9270990906465
0
123,92442015874597
0
124,92184463413912
0
125,919166579628
0
126,9161777557614
0
127,91266770771355
0
128,9084238550587
0
129,903231584398
0
130,89687434479112
0
131,8891337459406
0
132,8797896590728
0
133,8686203204557
0
134,85540243748906
0
135,83991129729895
0
136,82192087776426
0
137,8012039608988
0
138,77753224850923
0
139,75067648004466
0
140,7204065525495
0
141,68649164262908
0
142,6487003303319
0
143,6068007248503
0
144,5605605919368
0
145,50974748293123
0
146,4541288652891
0
147,3934722544997
0
148,32754534727866
0
149,25611615591737
0
150,17895314366854
0
151,09582536104438
0
152,00650258290264
0
152,91075544619156
0
153,80835558822434
0
154,69907578535094
0
155,58269009189345
0
156,45897397920953
0
157,32770447474746
0
158,18866030095427
0
159,04162201389812
0
159,8863721414653
0
160,72269532099068
0
161,55037843618103
0
162,36921075318992
0
163,17898405570267
0
163,97949277889043
0
164,77053414209274
0
165,55190828008818
0
166,32341837281405
0
167,08487077339637
0
167,83607513435385
0
168,5768445318392
0
169,30699558778488
0
170,02634858981997
0
170,73472760882927
0
171,43196061402597
0
172,11787958541296
0
172,79232062350997
0
173,45512405622685
0
174,10613454276597
0
174,74520117444075
0
175,37217757229945
0
175,9869219814483
0
176,5892973619712
0
177,17917147634668
0
177,75641697326785
0
178,32091146777447
0
178,8725376176114
0
179,41118319573138
0
179,9367411588652
0
180,44910971208748
0
180,94819236931002
0
181,43389800964087
0
181,90614092955138
0
182,36484089079968
0
182,80992316406292
0
183,24131856823726
0
183,65896350536894
0
184,06279999118613
0
184,4527756812056
0
184,82884389239467
0
185,19096362037408
0
185,53909955215263
0
185,87322207439072
0
186,19330727719466
0
186,49933695344933
0
186,79129859370266
0
187,0691853766205
0
187,33299615503546
0
187,5827354376194
0
187,81841336621437
0
188,0400456888609
0
188,24765372856984
0
188,44126434788637
0
188,62090990930204
0
188,7866282315739
0
188,9384625420157
0
189,07646142482938
0
189,20067876555112
0
189,31117369168913
0
189,4080105096353
0
189,4912586379368
0
189,5609925370177
0
189,6172916354435
0
189,6602402528262
0
189,68992751947098
0
189,70644729286664
0
189,70989807112844
0
189,70038290350163
0
189,67800929803846
0
189,6428891265635
0
189,59513852704396
0
189,5348778034846
0
189,46223132346782
0
189,37732741346198
0
189,28029825202208
0
189,17127976100818
0
189,05041149494878
0
188,91783652867574
0
188,7737013433602
0
188,61815571107738
0
188,4513525780299
0
188,2734479465589
0
188,08460075607155
0
187,88497276301524
0
187,67472842002567
0
187,45403475437752
0
187,22306124586493
0
186,98197970423772
0
186,73096414631857
0
186,47019067292536
0
186,1998373457203
0
185,9200840641074
0
185,6311124422971
0
185,33310568665456
0
185,02624847344796
0
184,71072682710843
0
184,38672799911313
0
184,0544403475996
0
183,71405321781634
0
183,36575682351358
0
183,00974212937405
0
182,6462007345812
0
182,27532475761961
0
181,89730672239847
0
181,51233944578752
0
181,12061592664963
0
180,72232923645294
0
180,3176724115404
0
179,90683834713283
0
179,4900196931369
0
179,0674087518271
0
178,63919737746647
0
178,2055768779279
0
177,76673791837413
0
177,32287042705076
0
176,87416350324452
0
176,4208053274527
0
175,96298307380943
0
175,50088282480863
0
175,03468948836075
0
174,56458671721776
0
174,09075683079544
0
173,61338073942088
0
173,13263787102835
0
172,64870610032358
0
172,16176168043353
0
171,6719791770554
0
171,1795314051153
0
170,68458936794434
0
170,18732219897566
0
169,68789710596508
0
169,18647931773296
0
168,683232033423
0
168,1783163742714
0
167,67189133787605
0
167,16411375495352
0
166,65513824856927
0
166,14511719582296
0
165,63420069197002
0
165,12253651695687
0
164,61027010434566
0
164,09754451260284
0
163,58450039872227
0
163,0712759941539
0
162,55800708300472
0
162,0448269824797
0
161,53186652552563
0
161,01925404564275
0
160,5071153638243
0
159,99557377758524
0
159,48475005203846
0
158,97476241297693
0
158,46572654191795
0
157,95775557306536
0
157,450960092145
0
156,94544813706653
0
156,44132520036558
0
155,93869423337821
0
155,43765565210046
0
154,93830734468335
0
154,44074468051554
0
153,94506052084353
0
153,45134523088026
0
152,95968669335247
0
152,47017032343632
0
151,98287908503232
0
151,49789350832873
0
151,01529170860408
0
150,5351494062194
0
150,0575399477496
0
149,58253432820618
0
149,11020121430101
0
148,6406069687037
0
148,17381567524367
0
147,70988916500954
0
147,24888704329874
0
146,79086671737045
0
146,33588342495622
0
145,8839902634826
0
145,43523821996106
0
144,9896762015016
0
144,54735106640612
0
144,10830765579968
0
143,67258882575763
0
143,24023547988787
0
142,81128660232804
0
142,38577929111875
0
141,96374879191447
0
141,54522853199444
0
141,1302501545378
0
140,7188435531269
0
140,3110369064442
0
139,90685671312974
0
139,50632782676593
0
139,10947349095835
0
138,71631537448167
0
138,32687360646128
0
137,9411668115614
0
137,55921214515263
0
137,18102532843153
0
136,80662068346678
0
136,43601116814713
0
136,06920841100708
0
135,70622274590772
0
135,34706324655053
0
134,99173776080318
0
134,6402529448178
0
134,29261429692164
0
133,9488261912631
0
133,60889191119458
0
133,27281368237712
0
132,94059270558998
0
132,61222918923153
0
132,28772238149702
0
131,9670706022206
0
131,65027127436915
0
131,33732095517684
0
131,02821536690965
0
130,72294942725017
0
130,4215172792933
0
130,1239123211451
0
129,83012723511655
0
129,54015401650574
0
129,2539840019619
0
128,971607897426
0
128,69301580564272
0
128,4181972532394
0
128,1471412173686
0
127,87983615191055
0
127,61627001323349
0
127,35643028550919
0
127,10030400558287
0
126,84787778739569
0
126,59913784595989
0
126,35407002088616
0
126,11265979946378
0
125,8748923392942
0
125,64075249047937
0
125,41022481736647
0
125,18329361985079
0
124,95994295423958
0
124,74015665367895
0
124,52391834814748
0
124,3112114840193
0
124,10201934320077
0
123,89632506184432
0
123,69411164864385
0
123,49536200271592
0
123,30005893107155
0
123,10818516568361
0
122,91972338015452
0
122,73465620598999
0
122,5529662484839
0
122,37463610222028
0
122,19964836619785
0
122,02798565858342
0
121,8596306310998
0
121,69456598305487
0
121,5327744750177
0
121,37423894214824
0
121,21894230718729
0
121,06686759311296
0
120,91799793547051
0
120,772316594382
0
120,62980696624294
0
120,490452595112
0
120,35423718380154
0
120,22114460467472
0
120,09115891015709
0
119,96426434296873
0
119,84044534608427
0
119,71968657242746
0
119,60197289430727
0
119,48728941260214
0
119,37562146569957
0
119,26695463819745
0
119,16127476937424
0
119,05856796143445
0
118,95882058753621
0
118,86201929960772
0
118,76815103595892
0
118,67720302869503
0
118,58916281093849
0
118,50401822386559
0
118,42175742356426
0
118,34236888771927
0
118,26584142213092
0
118,19216416707359
0
118,1213266035
0
118,05331855909733
0
117,98813021420088
0
117,92575210757136
0
117,86617514204129
0
117,80939059003639
0
117,75539009897723
0
117,70416569656689
0
117,65570979596976
0
117,61001520088698
0
117,56707511053352
0
117,52688312452204
0
117,48943324765867
0
117,42273789476351
0
117,3934824963345
0
117,36694937131
0
117,34313461964831
0
117,32203477369008
0
117,30364680246792
0
117,28796811596432
0
117,27499656932173
0
117,26473046700883
0
117,257168566947
0
117,25231008460058
0
117,25015469703469
0
117,25070254694425
0
117,25395424665757
0
117,25991088211778
0
117,26857401684568
0
117,2799456958867
0
117,29402844974547
0
117,31082529831065
0
117,33033975477287
0
117,35257582953858
0
117,37753803414262
0
117,40523138516139
0
117,4356614081299
0
117,46883414146419
0
117,50475614039183
0
117,5434344808923
0
117,58487676364942
0
117,62909111801743
0
117,67608620600271
0
117,72587122626263
0
117,77845591812309
0
117,83385056561613
0
117,89206600153895
0
117,95311361153549
0
118,01700533820157
0
118,08375368521472
0
118,15337172148917
0
118,22587308535716
0
118,3012719887768
0
118,37958322156702
0
118,46082215567014
0
118,54500474944196
0
118,63214755196975
0
118,72226770741788
0
118,81538295940112
0
118,91151165538501
0
119,01067275111329
0
119,11288581506142
0
119,21817103291568
0
119,32654921207705
0
119,43804178618876
0
119,55267081968636
0
119,67045901236922
0
119,79142970399187
0
119,91560687887365
0
120,04301517052498
0
120,17367986628834
0
120,30762691199186
0
120,4448829166135
0
120,58547515695324
0
120,7294315823109
0
120,87678081916681
0
121,02755217586261
0
121,18177564727881
0
121,33948191950621
0
121,50070237450778
0
121,66546909476702
0
121,83381486791956
0
122,00577319136349
0
122,1813782768448
0
122,3606650550131
0
122,54366917994332
0
122,73042703361855
0
122,92097573036911
0
123,11535312126236
0
123,31359779843847
0
123,51574909938574
0
123,72184711115032
0
123,93193267447383
0
124,14604738785263
0
124,36423361151253
0
124,58653447129164
0
124,81299386242486
0
125,04365645322233
0
125,27856768863465
0
125,51777379369702
0
125,76132177684411
0
126,00925943308769
0
126,2616353470483
0
126,51849889583218
0
126,77990025174458
0
127,04589038482976
0
127,31652106522856
0
127,5918448653432
0
127,87191516179948
0
128,15678613719587
0
128,44651278162866
0
128,74115089398225
0
129,0407570829734
0
129,34538876793775
0
129,65510417934655
0
129,96996235904209
0
130,29002316017855
0
130,6153472468563
0
130,94599609343592
0
131,2820319835193
0
131,6235180085837
0
131,9705180662551
0
132,32309685820667
0
132,68131988766768
0
133,04525345652834
0
133,41496466202526
0
133,79052139299242
0
134,17199232566193
0
134,55944691899862
0
134,9529554095524
0
135,35258880581185
0
135,75841888204252
0
136,17051817159273
0
136,58895995964997
0
137,01381827542994
0
137,44516788378138
0
137,88308427618767
0
138,3276436611481
0
138,77892295391976
0
139,23699976560164
0
139,70195239154256
0
140,17385979905345
0
140,65280161440506
0
141,1388581090922
0
141,63211018534443
0
142,13263936086437
0
142,64052775277344
0
143,15585806074557
0
143,67871354930904
0
144,20917802929637
0
144,7473358384226
0
145,29327182097182
0
145,8470713065721
0
146,40882008803877
0
146,97860439826627
0
147,55651088614854
0
148,14262659150864
0
148,73703891901735
0
149,33983561108175
0
149,9511047196843
0
150,5709345771533
0
151,19941376584572
0
151,83663108672386
0
152,48267552680767
0
153,13763622548436
0
153,80160243965778
0
154,47466350772044
0
155,15690881233087
0
155,84842774198063
0
156,54930965133423
0
157,2596438203274
0
157,97951941200833
0
158,70902542910815
0
159,44825066932688
0
160,1972836793222
0
160,95621270738906
0
161,72512565481867
0
162,50411002592665
0
163,29325287674106
0
164,09264076234092
0
164,90235968283878
0
165,72249502799954
0
166,5531315204913
0
167,39435315776254
0
168,24624315254368
0
169,10888387197025
0
169,98235677532728
0
170,86674235041556
0
171,76212004854204
0
172,66856821813718
0
173,58616403700518
0
174,51498344321257
0
175,45510106462444
0
176,40659014709678
0
177,36952248133747
0
178,34396832844848
0
179,32999634416467
0
180,3276735018057
0
181,33706501396014
0
182,35823425292233
0
183,39124266990473
0
184,43614971305053
0
185,49301274427347
0
186,56188695495388
0
187,64282528052178
0
188,73587831396122
0
189,84109421827083
0
190,95851863791898
0
192,0881946093337
0
193,2301624704704
0
194,38445976950237
0
195,55112117268158
0
196,73017837141992
0
197,92165998864385
0
199,12559148447698
0
200,3419950613088
0
201,57088956830944
0
202,81229040545344
0
204,06620942711797
0
205,3326548453237
0
206,6116311326883
0
207,90313892516684
0
209,20717492465383
0
210,52373180152625
0
211,852798097208
0
213,19435812683957
0
214,5483918821393
0
215,91487493454426
0
217,29377833872246
0
218,68506853655
0
220,08870726164858
0
221,50465144458258
0
222,93285311881561
0
224,37325932753032
0
225,82581203141575
0
227,29044801753042
0
228,76709880935
0
230,25569057811097
0
231,75614405556374
0
233,2683744482502
0
234,79229135342254
0
236,32779867672167
0
237,8747945517353
0
239,43317126155733
0
241,00281516247003
0
242,58360660987444
0
244,17541988659246
0
245,7781231336669
0
247,3915782837858
0
249,0156409974583
0
250,6501606020691
0
252,2949800339398
0
253,94993578352455
0
255,6148578438683
0
257,28956966245516
0
258,9738880965739
0
260,6676233723276
0
262,37057904741346
0
264,08255197779675
0
265,8033322884046
0
267,5327033479599
0
269,2704417480779
0
271,0163172867435
0
272,7700929562874
0
274,5315249359747
0
276,3003625893201
0
1,0260604299770066
2,819077862357725
2,2573329459494142
8,261233587073175
2,753532692730882
13,083403911835163
2,91359759814222
16,920976266258368
2,9337249616271053
19,55407766382958
2,904412944586719
20,94407154312419
2,8642098863259626
21,224352439277574
2,827629019055548
20,650802573828845
2,7988300049302746
19,530848723908793
2,777955712294305
18,154912941858267
2,763888894939904
16,748921890607555
2,755356132724936
15,455296607688535
2,7513133074439122
14,3386431808233
2,751043881798619
13,405892806289486
2,75415993583182
12,630040728884838
2,7605860259003174
11,97001151064752
2,770559074731549
11,383614206769627
2,7846599843694575
10,833913895375918
2,8038888542027576
10,290933472826449
2,8297989291910386
9,730766571774637
2,864712445758476
9,133640860212752
2,912054380599149
8,481795965264546
2,9768590434458138
7,7575167002980105
3,0665316945642704
6,941348080532026
3,1919857548281483
6,010363421481537
3,3693287420667293
4,936287754543891
3,622339025144401
3,683237780255702
3,9860601604329897
2,204788837385907
4,51193258952729
0,43999409378330157
5,274963486188124
0
6,383462074065896
0
7,991763902580846
0
10,316013967576414
0
13,652311440182181
0
18,395152947897163
0
25,05200771305949
0
34,247055980150975
0
46,704041989960366
0
63,19586280198202
0
84,44870357008028
0
110,99356713980755
0
142,9700699798617
0
179,90689271105174
0
220,52729486885193
0
262,6488082577088
0
303,2516276240087
0
338,76820724926085
0
365,5921271320278
0
380,7269895677992
0
382,42252404636173
0
370,6111486792016
0
346,99169265175897
0
314,7080615773797
0
277,70431160491006
0
239,94666216981994
0
204,73769960114382
0
174,29476422591628
0
149,65345475141817
0
130,84335370829314
0
117,21408615176011
0
107,78242719016136
0
101,51000298275858
0
97,47549369913841
0
94,94900814963549
0
93,39828994925084
0
92,45909458335939
0
91,89412805063623
0
91,55450337214023
0
91,34934754464092
0
91,22423336856129
0
91,14692587966333
0
91,0984212995031
0
91,06750600318024
0
91,04752889853815
0
91,03451401817404
0
91,02606496295742
0
91,02073064283032
0
91,01763835426543
0
91,01628239528108
0
91,01640464912721
0
91,01793161731528
0
91,02094884195421
0
91,02570369735095
0
91,03263423552775
0
91,04242702256568
0
91,05611192869975
0
91,07520751441628
0
91,10193766403532
0
91,13954893172212
0
91,1927687933534
0
91,26845700940483
0
91,37651354854646
0
91,5311124901654
0
91,75232367542148
0
92,06814900637382
0
92,516918607849
0
93,14983947636549
0
94,03324325479936
0
95,24973308104475
0
96,89701288533038
0
99,08279517848199
0
1,0260604299770066
2,819077862357725
2,2573329459494142
8,261233587073175
2,753532692730882
13,083403911835163
2,91359759814222
16,920976266258368
2,9337249616271053
19,55407766382958
2,904412944586719
20,94407154312419
2,8642098863259626
21,224352439277574
2,827629019055548
20,650802573828845
2,7988300049302746
19,530848723908793
2,777955712294305
18,154912941858267
2,763888894939904
16,748921890607555
2,755356132724936
15,455296607688535
2,7513133074439122
14,3386431808233
2,751043881798619
13,405892806289486
2,75415993583182
12,630040728884838
2,7605860259003174
11,97001151064752
2,770559074731549
11,383614206769627
2,7846599843694575
10,833913895375918
2,8038888542027576
10,290933472826449
2,8297989291910386
9,730766571774637
2,864712445758476
9,133640860212752
2,912054380599149
8,481795965264546
2,9768590434458138
7,7575167002980105
3,0665316945642704
6,941348080532026
3,1919857548281483
6,010363421481537
3,3693287420667293
4,936287754543891
3,622339025144401
3,683237780255702
3,9860601604329897
2,204788837385907
4,51193258952729
0,43999409378330157
5,274963486188124
0
6,383462074065896
0
7,991763902580846
0
10,316013967576414
0
13,652311440182181
0
18,395152947897163
0
25,05200771305949
0
34,247055980150975
0
46,704041989960366
0
63,19586280198202
0
84,44870357008028
0
110,99356713980755
0
142,9700699798617
0
179,90689271105174
0
220,52729486885193
0
262,6488082577088
0
303,2516276240087
0
338,76820724926085
0
365,5921271320278
0
380,7269895677992
0
382,42252404636173
0
370,6111486792016
0
346,99169265175897
0
314,7080615773797
0
277,70431160491006
0
239,94666216981994
0
204,73769960114382
0
174,29476422591628
0
149,65345475141817
0
130,84335370829314
0
117,21408615176011
0
107,78242719016136
0
101,51000298275858
0
97,47549369913841
0
94,94900814963549
0
93,39828994925084
0
92,45909458335939
0
91,89412805063623
0
91,55450337214023
0
91,34934754464092
0
91,22423336856129
0
91,14692587966333
0
91,0984212995031
0
91,06750600318024
0
91,04752889853815
0
91,03451401817404
0
91,02606496295742
0
91,02073064283032
0
91,01763835426543
0
91,01628239528108
0
91,01640464912721
0
91,01793161731528
0
91,02094884195421
0
91,02570369735095
0
91,03263423552775
0
91,04242702256568
0
91,05611192869975
0
91,07520751441628
0
91,10193766403532
0
91,13954893172212
0
91,1927687933534
0
91,26845700940483
0
91,37651354854646
0
91,5311124901654
0
91,75232367542148
0
92,06814900637382
0
92,516918607849
0
93,14983947636549
0
94,03324325479936
0
95,24973308104475
0
96,89701288533038
0
99,08279517848199
0
1,5000000000000004
2,598076211353316
3,300000000000001
7,5982286340599465
4,025395501499734
12,004871676698347
4,259394738876413
15,485536090196879
4,288818975836808
17,843446347781626
4,245967673636639
19,049949941012443
4,1871947343152325
19,234614613312885
4,133717083971723
18,638367121682883
4,091615741861807
17,547450883428727
4,0610995675321355
16,23022874765342
4,040535256293591
14,893899036772803
4,028061192438757
13,66769698906999
4,022150977265883
12,608829763021333
4,02175710332227
11,721525846557107
4,02631246956898
10,979152158352463
4,035706784778039
10,342557482921023
4,050286406805938
9,77192666315108
4,070900557628748
9,232522157867706
4,09901128474313
8,696124911100503
4,136889280372776
8,140112169663958
4,1879294270552965
7,5455916643080645
4,2571387057549925
6,89538024938936
4,351876784946075
6,1721298959759165
4,4829694309032915
5,356614517538311
4,666370997612217
4,426048482533191
4,925629100825332
3,352243304147616
5,2955053902998355
2,0993686842777084
5,827230118194381
0,6210325030964707
6,596004179249563
0
7,711480725808229
0
9,33199725021403
0
11,683177231715206
0
15,0810035152719
0
19,958344130600764
0
26,89191456536737
0
36,62358519218149
0
50,06584648369852
0
68,2767417378239
0
92,38617086626894
0
123,45574554313457
0
162,2617399965833
0
209,00825984937222
0
263,00628226412096
0
322,38933754680613
0
383,9668706407403
0
443,3242216018476
0
495,24598749537523
0
534,4599349868034
0
556,5856236795892
0
559,0643292641138
0
541,7972536288734
0
507,2679188976257
0
460,0724076033697
0
405,97654410734896
0
350,778553328283
0
299,3064934865466
0
254,80189928456116
0
218,77871475090217
0
191,2801866522015
0
171,35553042580585
0
157,56736743942582
0
148,39769669077896
0
142,49963869280523
0
138,8061639095127
0
136,5391655606639
0
135,16615378896077
0
134,34022797180032
0
133,8437299071051
0
133,54381215152426
0
133,36090746225207
0
133,24789147414936
0
133,17698252169907
0
133,13178738198852
0
133,10258280876099
0
133,0835563265229
0
133,07120463411312
0
133,06340637978337
0
133,0588857563271
0
133,05690347690464
0
133,05708220007128
0
133,05931447822485
0
133,06372536556265
0
133,0706764991282
0
133,0808082681366
0
133,09512436505227
0
133,1151303594376
0
133,14304623820843
0
133,182123102745
0
133,2371070977242
0
133,31490933053098
0
133,4255581000968
0
133,58352619240114
0
133,80953472528418
0
134,1329238436927
0
134,5946295898534
0
135,2506868575797
0
136,1759552677415
0
137,4674051949943
0
139,24579434835928
0
141,65395631839434
0
144,84935626165196
0
1,5000000000000004
2,598076211353316
3,300000000000001
7,5982286340599465
4,025395501499734
12,004871676698347
4,259394738876413
15,485536090196879
4,288818975836808
17,843446347781626
4,245967673636639
19,049949941012443
4,1871947343152325
19,234614613312885
4,133717083971723
18,638367121682883
4,091615741861807
17,547450883428727
4,0610995675321355
16,23022874765342
4,040535256293591
14,893899036772803
4,028061192438757
13,66769698906999
4,022150977265883
12,608829763021333
4,02175710332227
11,721525846557107
4,02631246956898
10,979152158352463
4,035706784778039
10,342557482921023
4,050286406805938
9,77192666315108
4,070900557628748
9,232522157867706
4,09901128474313
8,696124911100503
4,136889280372776
8,140112169663958
4,1879294270552965
7,5455916643080645
4,2571387057549925
6,89538024938936
4,351876784946075
6,1721298959759165
4,4829694309032915
5,356614517538311
4,666370997612217
4,426048482533191
4,925629100825332
3,352243304147616
5,2955053902998355
2,0993686842777084
5,827230118194381
0,6210325030964707
6,596004179249563
0
7,711480725808229
0
9,33199725021403
0
11,683177231715206
0
15,0810035152719
0
19,958344130600764
0
26,89191456536737
0
36,62358519218149
0
50,06584648369852
0
68,2767417378239
0
92,38617086626894
0
123,45574554313457
0
162,2617399965833
0
209,00825984937222
0
263,00628226412096
0
322,38933754680613
0
383,9668706407403
0
443,3242216018476
0
495,24598749537523
0
534,4599349868034
0
556,5856236795892
0
559,0643292641138
0
541,7972536288734
0
507,2679188976257
0
460,0724076033697
0
405,97654410734896
0
350,778553328283
0
299,3064934865466
0
254,80189928456116
0
218,77871475090217
0
191,2801866522015
0
171,35553042580585
0
157,56736743942582
0
148,39769669077896
0
142,49963869280523
0
138,8061639095127
0
136,5391655606639
0
135,16615378896077
0
134,34022797180032
0
133,8437299071051
0
133,54381215152426
0
133,36090746225207
0
133,24789147414936
0
133,17698252169907
0
133,13178738198852
0
133,10258280876099
0
133,0835563265229
0
133,07120463411312
0
133,06340637978337
0
133,0588857563271
0
133,05690347690464
0
133,05708220007128
0
133,05931447822485
0
133,06372536556265
0
133,0706764991282
0
133,0808082681366
0
133,09512436505227
0
133,1151303594376
0
133,14304623820843
0
133,182123102745
0
133,2371070977242
0
133,31490933053098
0
133,4255581000968
0
133,58352619240114
0
133,80953472528418
0
134,1329238436927
0
134,5946295898534
0
135,2506868575797
0
136,1759552677415
0
137,4674051949943
0
139,24579434835928
0
141,65395631839434
0
144,84935626165196
0
1,5000000000000004
2,598076211353316
3,300000000000001
7,5982286340599465
4,025395501499734
12,004871676698347
4,259394738876413
15,485536090196879
4,288818975836808
17,843446347781626
4,245967673636639
19,049949941012443
4,1871947343152325
19,234614613312885
4,133717083971723
18,638367121682883
4,091615741861807
17,547450883428727
4,0610995675321355
16,23022874765342
4,040535256293591
14,893899036772803
4,028061192438757
13,66769698906999
4,022150977265883
12,608829763021333
4,02175710332227
11,721525846557107
4,02631246956898
10,979152158352463
4,035706784778039
10,342557482921023
4,050286406805938
9,77192666315108
4,070900557628748
9,232522157867706
4,09901128474313
8,696124911100503
4,136889280372776
8,140112169663958
4,1879294270552965
7,5455916643080645
4,2571387057549925
6,89538024938936
4,351876784946075
6,1721298959759165
4,4829694309032915
5,356614517538311
4,666370997612217
4,426048482533191
4,925629100825332
3,352243304147616
5,2955053902998355
2,0993686842777084
5,827230118194381
0,6210325030964707
6,596004179249563
0
7,711480725808229
0
9,33199725021403
0
11,683177231715206
0
15,0810035152719
0
19,958344130600764
0
26,89191456536737
0
36,62358519218149
0
50,06584648369852
0
68,2767417378239
0
92,38617086626894
0
123,45574554313457
0
162,2617399965833
0
209,00825984937222
0
263,00628226412096
0
322,38933754680613
0
383,9668706407403
0
443,3242216018476
0
495,24598749537523
0
534,4599349868034
0
556,5856236795892
0
559,0643292641138
0
541,7972536288734
0
507,2679188976257
0
460,0724076033697
0
405,97654410734896
0
350,778553328283
0
299,3064934865466
0
254,80189928456116
0
218,77871475090217
0
191,2801866522015
0
171,35553042580585
0
157,56736743942582
0
148,39769669077896
0
142,49963869280523
0
138,8061639095127
0
136,5391655606639
0
135,16615378896077
0
134,34022797180032
0
133,8437299071051
0
133,54381215152426
0
133,36090746225207
0
133,24789147414936
0
133,17698252169907
0
133,13178738198852
0
133,10258280876099
0
133,0835563265229
0
133,07120463411312
0
133,06340637978337
0
133,0588857563271
0
133,05690347690464
0
133,05708220007128
0
133,05931447822485
0
133,06372536556265
0
133,0706764991282
0
133,0808082681366
0
133,09512436505227
0
133,1151303594376
0
133,14304623820843
0
133,182123102745
0
133,2371070977242
0
133,31490933053098
0
133,4255581000968
0
133,58352619240114
0
133,80953472528418
0
134,1329238436927
0
134,5946295898534
0
135,2506868575797
0
136,1759552677415
0
137,4674051949943
0
139,24579434835928
0
141,65395631839434
0
144,84935626165196
0
